        	        	        	        	        	        	EARNINGS	        	        	        	        	
    4.52	   -4.94	   -1.95	   -0.66	   -2.67	   -2.74	    3.52	    1.09	    0.40	    4.56	    0.64	
   -7.09	    1.53	    6.02	    7.80	   -7.24	    0.71	    2.11	    5.52	    3.27	   -2.53	   -1.95	
    0.09	    0.23	   -3.29	    3.09	   -1.06	   -5.81	    6.25	    6.04	   -1.32	   -3.02	   -2.79	
    1.62	    2.59	   -3.34	    2.29	   -0.02	    1.31	   -0.43	    0.12	   -0.51	   -2.85	   -2.68	
  -16.97	  -23.76	  -18.84	  -19.64	  -13.33	   -3.85	    9.33	  -15.85	  -15.94	   -1.72	  145.61	
  -30.63	    0.00	   -5.19	   -8.22	   -8.96	   -3.28	  138.98	   -9.22	   -7.81	   11.86	  -13.64	
   -4.13	   -2.76	    3.64	   -2.38	   -0.22	   -0.30	    1.92	   -3.22	   -2.63	   -2.90	    2.95	
    1.55	    0.69	   -4.31	   -7.39	    3.19	    2.64	   -2.61	   -0.23	   -0.68	    1.37	   -5.52	
   -0.81	    0.56	    5.06	    5.56	   -4.46	   -3.97	    3.23	   -0.35	    1.80	   -2.91	   -0.96	
    2.46	    3.09	    1.67	   -1.97	   -0.17	   -4.19	    0.00	   -1.22	   -4.42	   -2.96	    1.91	
    0.17	   -2.18	    1.03	   -0.17	   -0.68	    2.05	    4.52	   -1.92	   -5.23	    0.34	    1.72	
   -0.17	    4.80	   -1.15	   -0.99	   -3.85	   -1.22	    0.18	   -5.98	   -1.50	    0.38	   -1.13	
    4.01	   -5.63	   -1.53	    1.73	   -0.34	    2.39	    2.67	    1.79	   -2.23	   -2.28	   -4.01	
    1.14	    6.76	    8.05	    1.83	   -0.60	   -3.98	   -5.65	   -4.93	   -0.28	   -1.26	    2.28	
   21.49	    3.93	   18.20	    4.80	    7.06	   -0.18	    9.46	   14.68	    2.42	   -5.00	    8.19	
   -0.72	    3.26	   -5.61	    3.72	    0.36	   -2.14	    2.92	   13.48	   23.44	    8.61	   13.29	
    3.51	   -1.63	   -4.85	    5.23	   -2.04	    2.34	   -2.29	   -1.04	   -2.76	    0.41	   -4.31	
    0.00	   -4.36	    5.13	    3.39	   -4.46	    2.74	    5.87	   -0.63	   -1.52	   -1.80	   -0.13	
    1.89	    2.41	    5.45	   -0.25	    1.12	   -7.48	   -1.79	   -7.85	    2.58	   -3.45	   -1.03	
   -0.41	    2.28	   -6.57	   -1.72	    5.35	    2.40	   -0.36	   -3.35	   -7.21	   -7.67	   -2.30	
    5.07	    3.71	   -1.19	    2.99	   12.15	   -1.34	    0.60	   -6.56	   -1.18	   -0.98	   -3.56	
    0.89	   -0.88	    0.00	    2.68	    0.00	    2.61	   -3.39	    2.63	    0.85	   -1.69	    2.59	
    0.00	    0.00	    0.91	    1.80	    0.00	    1.77	    0.00	   -1.74	   -0.88	    0.89	   -0.88	
    0.00	   -1.67	    0.85	    0.00	    2.52	    1.64	   -1.61	   -1.64	    1.67	    0.00	    0.82	
    1.11	    1.24	   -3.39	    4.63	   -1.34	   -2.72	    4.20	    5.23	   -4.97	   -1.21	   -2.58	
    4.59	    0.66	   -3.17	    1.36	   -0.54	   -0.54	   -1.09	    4.26	    0.26	   -3.03	   -3.26	
   -2.57	   -1.97	    0.51	    0.46	   -1.49	    0.73	    1.29	   -0.09	   -0.59	   -1.08	   -0.22	
   -2.20	    0.52	    2.39	   -0.98	   -0.05	    1.54	    0.52	    2.27	   -1.52	   -1.54	   -2.11	
    0.37	   -4.10	   -1.39	   -0.36	    4.61	   -0.23	   -0.45	    0.46	   -2.57	   -1.97	    0.51	
   -0.80	    2.62	   -0.33	   -2.50	   -0.07	    0.20	   -0.88	    0.61	    1.15	   -4.48	   -4.41	
   -2.45	    4.04	   -6.61	    3.60	   -3.80	   -2.59	    7.18	    1.73	   -0.21	   -5.00	   -1.57	
   11.43	   -2.94	   -2.93	    3.88	    2.07	   -4.98	    0.43	   -2.56	    1.09	   -6.49	    0.23	
    2.61	   -0.62	   -0.08	   -0.78	   -1.56	    2.78	    2.01	   -1.14	   -2.83	    4.10	   -5.07	
    4.10	   -5.07	    1.52	   -3.69	    4.32	    0.78	    2.79	  -14.34	   -5.55	   -2.89	   -0.38	
    6.76	   -1.67	    2.06	   -3.51	    1.54	    2.15	    1.14	   -1.65	    0.79	   -3.23	   -1.26	
    0.00	    3.90	   -1.25	   -1.27	    1.28	   -1.27	    3.85	    1.23	    0.00	   -1.22	    1.23	
   -1.32	    0.00	   -1.33	    1.35	    0.00	    2.67	    1.30	    3.08	   -1.74	    1.27	    0.00	
   -1.20	    1.22	   -1.20	    0.00	   -1.22	   -2.47	    1.27	   -1.25	    2.53	   -2.47	    2.53	
    3.00	    0.81	   -2.09	    1.48	   -1.13	    0.00	   -0.49	   -0.16	   -1.81	   -3.52	   -6.60	
   -0.55	    1.28	    3.07	   -0.70	    5.29	    2.01	    2.30	   -3.05	    0.33	   -2.64	   -2.88	
    1.55	   -4.57	    2.40	   -5.77	    1.32	   -0.65	    0.00	    2.30	   -0.64	   -0.16	    0.00	
    9.10	   -0.38	    3.23	  -17.44	    0.90	    2.93	   -4.39	  -16.55	   -7.36	   17.06	   -6.79	
    0.04	   -1.70	   -0.98	    1.94	    3.69	   -1.83	  -18.29	    0.04	   -3.31	  -22.17	    9.10	
    6.89	    1.61	    0.00	    0.92	    6.41	   -1.48	   -0.75	  -12.01	   -4.79	   -5.78	   -8.37	
   -0.19	    0.00	   -1.34	   -0.78	   -2.34	   -1.60	    1.63	    0.40	    0.20	   -0.60	    0.00	
    1.20	   -0.99	   -0.20	    1.00	   -0.79	    0.60	    0.00	    1.19	   -1.18	    0.60	   -0.55	
   -0.83	    0.07	    0.02	    0.92	    1.01	    1.33	    1.62	   -1.16	   -0.96	   -0.29	    0.35	
   -1.10	   -1.24	    2.11	    0.76	    0.84	    3.10	    2.25	    0.87	    0.09	   -0.02	    1.29	
    1.17	   -1.55	    0.66	    1.52	   -0.97	    0.00	    1.88	   -0.02	   -1.16	   -0.07	   -0.54	
   -1.49	   -2.73	    0.62	    0.31	   -0.54	    0.08	    2.41	    0.99	    0.93	   -0.25	    0.30	
   -3.91	    0.92	    0.91	   -1.06	   -0.38	    4.21	   -3.74	    0.38	   -6.84	    1.63	   -0.64	
   -1.33	    3.79	   -1.22	   -0.74	    0.25	   -0.91	    0.42	    0.25	   -0.08	   -0.41	    1.00	
   -1.74	    3.84	   -3.98	    4.59	   -4.53	   -3.26	    3.99	    2.51	   -1.15	   -2.91	   -2.70	
    1.85	    0.30	   -4.54	    1.27	   -1.10	   -0.79	    0.96	    1.42	    1.87	   -1.99	   -1.40	
    0.58	   -9.77	  -13.38	    5.15	    0.70	    0.69	    3.45	    0.00	    0.67	    8.61	   -7.32	
    2.55	   -1.99	    2.54	    1.49	    0.49	    0.00	   -0.49	   -0.98	   -8.87	   -3.24	   -1.90	
    5.26	    7.50	   -2.33	  -12.50	   -1.36	   -3.45	   -4.29	   -0.75	    0.00	   29.32	    0.00	
   -2.06	   -2.63	    5.41	   -2.56	   -1.32	    1.33	    3.95	   -6.33	    4.05	    0.00	   -1.30	
    1.35	   -4.00	   -1.11	    2.53	   -2.74	    0.00	   -8.45	    3.08	   -2.99	    1.54	    3.03	
    2.56	   -0.50	   -4.52	    1.32	    2.60	   -3.80	   -6.58	    5.63	    1.33	    0.00	   -3.95	
    0.82	   -0.82	    4.12	   -0.26	   -3.44	    3.29	    3.98	   -3.06	   -3.16	    3.53	   -2.10	
   -1.82	   -1.33	    2.15	    1.58	   -3.89	    0.27	    0.27	    2.95	   -4.17	   -6.52	    1.16	
    0.79	    1.30	    2.96	    1.75	   -4.42	    0.90	   -1.15	    1.16	    1.02	    0.25	    2.01	
    7.11	   -0.77	    0.64	   -3.45	    0.53	    3.69	    4.19	   -5.37	   -0.64	    3.76	   -4.37	
    3.08	    0.37	   -4.09	   -2.33	   -0.79	    5.60	   -2.65	   13.62	    2.40	    0.00	   -3.34	
    0.00	   -0.59	    2.07	   -2.03	  -19.53	   -2.94	    2.65	   -4.06	    3.08	    0.37	   -4.09	
   -2.59	    0.66	   -7.59	   -0.36	    6.45	    3.03	   -0.33	    8.20	   -2.12	    2.17	    2.12	
   -0.14	    1.45	    7.97	   -3.81	    0.00	   -2.17	    4.72	   -0.62	   -0.08	    0.46	   -2.15	
    0.18	    1.65	   -1.50	    1.07	   -1.00	   -0.21	    1.71	   -0.78	    2.88	    0.77	   -0.32	
   -0.40	   -2.39	   -2.24	   -0.21	   -0.42	    0.63	   -4.17	    3.04	    1.69	   -0.62	    0.42	
    3.00	   -0.83	    2.31	   -0.20	    3.08	   -3.39	    0.21	   -0.62	    0.00	   -1.45	    1.47	
   -1.01	   -0.41	    0.41	   -1.42	   -1.86	   -0.84	    0.85	   -7.14	   -0.45	    0.45	    0.45	
   -2.76	    1.31	   -5.64	    4.11	   -2.41	   -2.81	    8.39	    3.67	   -0.51	   -1.39	   -3.00	
    3.19	    1.93	   -5.00	    2.42	    0.72	    1.43	    5.37	    1.20	   -1.60	   -4.50	   -2.41	
    3.33	   -0.54	   -3.24	    3.35	    1.08	   -0.53	   -0.54	    4.86	    0.00	   -2.58	   -3.17	
   -4.02	    1.05	   -5.70	    4.40	    1.05	   -1.04	    0.00	    0.00	   -3.16	    2.17	   -1.60	
    3.03	   -1.96	    5.50	    3.79	   -1.37	    2.78	   -1.35	    3.65	   -2.64	   -0.45	    0.00	
    0.09	    0.36	    1.33	   -3.07	    0.00	   -1.81	   -0.46	   -3.24	    0.00	   -4.78	    3.52	
    8.08	   -2.59	   -4.46	    2.38	    2.80	   -2.34	    1.91	    4.30	   -1.58	   -0.30	   -2.29	
    0.07	    2.60	   -8.46	   -1.16	    2.49	    0.30	    2.05	   -7.65	    4.26	   -2.55	   -1.90	
    0.51	    0.76	   -2.26	    3.50	    0.84	   -5.17	   -1.40	    1.69	   -2.07	    0.53	    0.00	
   -3.84	   -3.21	    3.89	    4.68	    3.42	   -1.58	   -3.57	    0.00	    1.88	   -1.26	   -1.92	
   -2.91	    0.75	    2.98	    1.93	   -0.24	    0.24	   -2.36	   -3.87	    4.99	   -0.67	   -2.13	
  -12.52	    5.63	    0.13	   -3.88	    7.66	   -6.60	   -2.11	    5.90	   -3.02	    4.06	   -2.53	
   -0.33	    3.47	   -3.74	    0.27	    0.27	    0.67	   -0.86	    1.94	   -1.38	   -4.19	    6.80	
   -1.26	    0.58	   -0.89	   -9.68	    2.52	    0.83	   -2.98	   -3.93	    3.85	   -3.91	    1.33	
   -3.76	   -0.96	    6.40	    0.94	   -5.01	    4.67	   -2.38	    2.70	   -1.94	   -8.99	    1.71	
   -6.02	    1.65	    7.95	   -3.84	   -1.67	    4.88	   -3.53	    2.97	   -1.03	   -5.94	   -2.27	
    3.46	   -2.56	    0.27	    0.87	    0.07	   -0.07	   -0.86	    6.44	    0.88	   -0.06	   -0.56	
   -0.81	   -1.50	   -0.28	   -1.39	    1.69	    0.35	    2.56	    2.09	   -1.19	   -1.40	   -1.08	
    6.65	   -4.30	   -0.16	   -1.37	    3.65	   -2.86	    0.69	    3.57	   -0.33	   -3.13	   -0.78	
   -3.61	   -0.79	    7.30	    0.87	   -2.90	    3.75	    2.53	    0.46	    3.02	   -7.31	    0.75	
    6.22	   -3.23	    1.96	    3.32	   -2.23	   -0.41	    2.34	    0.59	   -2.81	   -0.27	   -0.47	
   -2.29	   -0.40	   -7.13	    2.12	   -1.68	   -0.59	    5.36	   -1.35	    2.26	   -2.55	   -3.30	
   -3.31	   -3.42	    5.25	   -1.62	    0.68	    1.50	    1.88	    5.92	   -1.86	    3.16	   -0.61	
   -1.24	   -3.40	    4.17	   -8.75	   -4.11	   -1.43	    0.72	   -0.58	    6.37	   -4.08	    7.80	
    1.26	   -0.62	    3.44	   -3.32	   -0.94	   -0.95	    0.96	    0.32	    0.31	   -0.31	   -0.94	
    2.32	    1.89	    1.48	   -1.09	    0.74	    1.47	    2.89	    3.86	    0.00	    8.78	    0.00	
   -0.19	   -1.94	    0.99	   -0.65	    0.66	   -1.63	    0.00	   -2.66	   -5.46	    1.44	    0.00	
   -1.27	   -0.64	   -0.32	    1.30	   -1.92	   -0.98	    0.33	   -1.64	    0.33	   -3.67	   -2.77	
    3.26	   -1.05	    5.32	   -4.35	    1.48	   -2.40	   -2.56	    0.77	   -1.20	    1.76	   -1.84	
    1.94	    0.84	    0.73	   -1.35	   -0.21	   -2.32	   -0.54	   -2.07	    2.11	   -3.04	   15.13	
    2.44	   -0.62	   -3.55	    2.16	   -1.80	   -1.51	    1.97	    1.50	   -1.69	   -0.97	   -2.28	
    5.69	   -2.53	   -4.55	    2.04	    1.67	   -1.97	    4.35	   -1.28	   -1.30	   -3.29	    0.68	
    1.10	    1.36	   -0.27	   -1.62	   -3.84	    1.99	   -4.75	   -3.81	    1.22	    3.31	   -2.92	
   -2.61	    3.74	   -3.00	   -0.93	    0.00	   -0.94	    3.79	   -2.74	   -1.25	   -5.38	   -2.34	
    0.99	    2.34	    2.96	   -0.28	    4.18	   -1.60	    2.81	    3.52	    0.34	   -3.48	   -0.79	
   -5.31	    3.49	   -1.87	   -2.99	    4.29	    1.16	    2.92	   -1.63	   -1.92	    4.54	    2.13	
    1.39	   -3.38	    1.25	    4.85	    0.71	    3.04	   -5.44	    0.40	    1.11	    0.71	   -0.16	
    3.61	   -4.52	   -1.62	    1.65	   -2.84	    2.64	    1.22	    0.27	   -1.07	   -4.72	    0.57	
    0.69	   -2.41	   -2.70	    7.24	   -2.25	    0.00	    0.00	    4.03	   -5.20	   -1.28	    3.43	
    0.57	    7.46	    6.68	   -2.95	   -1.01	    4.09	   -0.12	    2.46	    0.72	   -1.91	    5.22	
    2.08	    0.91	    1.68	   -5.30	    1.86	    0.92	    0.23	  -25.45	    3.34	   -0.15	    1.47	
    1.20	    1.18	    0.70	   -6.05	   -0.74	    2.99	   15.01	   -5.26	    0.89	    0.44	    2.63	
    9.91	   -1.13	   -1.14	   -2.02	    1.18	    6.98	    5.43	   10.82	   -2.33	    0.71	   -2.36	
   -2.64	    0.00	   -0.34	    3.74	   -1.64	   -1.33	    3.38	    3.27	    3.16	   -1.23	    0.31	
    0.84	   -3.33	    3.45	   -0.28	    0.84	    1.10	    3.01	    0.53	   -1.32	    0.80	   -1.59	
   -1.80	   -6.49	    2.37	    4.35	    1.39	    0.27	    4.37	   -2.88	   -0.54	   -0.81	    0.55	
    1.28	    0.00	    3.82	   -1.92	    1.96	    3.18	    0.93	   10.53	   -0.15	   -2.51	   -1.05	
   -2.33	   -4.77	    1.23	   -1.18	    0.77	    0.68	   11.62	   -1.14	   -1.14	   -3.54	    4.03	
    5.92	   -3.69	    0.97	    2.77	   -0.23	    0.01	    0.19	    0.79	   -3.51	   -1.70	   -1.50	
   -0.89	   -7.46	    2.58	    0.00	    0.31	    0.31	    6.25	   -8.24	   -1.92	   -3.59	    1.02	
    6.46	   -4.47	    3.68	    0.65	   -1.60	   -0.85	   -0.79	    1.32	   -1.63	   -1.66	   -1.01	
    0.43	   -5.82	    3.31	   -2.04	   -0.30	   -1.94	   13.39	   -2.01	   -1.78	   -4.04	   -0.87	
    1.49	   -5.58	    3.42	    1.35	   -0.59	   -0.45	   -1.35	   -2.89	   -1.10	   -0.32	   -1.43	
   -1.16	    5.88	   -1.11	    0.56	   -5.59	    0.59	    4.12	    3.95	    5.43	   -0.52	    3.63	
    2.50	    0.49	    0.00	    3.88	    5.61	    9.73	    5.65	   -4.58	   -1.60	   -1.63	   -3.31	
   -1.22	    0.62	   -1.84	   -1.25	   -1.90	   -4.52	    0.00	   12.16	    0.00	   -3.01	   16.77	
   -0.65	   -5.54	    4.14	   -0.33	   -1.00	    0.00	    7.05	  -10.66	    0.00	   -3.51	    1.45	
    1.81	    5.69	   -5.72	    3.57	    2.41	   -1.68	    1.03	    0.00	   -0.68	   -2.39	   -1.75	
   -3.05	    1.38	   -4.59	    3.51	   -1.51	   -1.53	    8.29	    2.39	   -1.17	   -0.24	   -2.73	
    0.12	    2.16	   -4.47	    4.92	   -0.35	    0.59	   -0.47	   -0.94	    0.47	   -1.18	   -2.99	
    0.00	   -0.42	   -1.67	    3.83	    0.82	   -0.30	    1.53	   -0.90	   -1.11	   -1.64	   -1.67	
   -3.96	    1.56	   -0.33	    2.20	    2.37	    2.95	    3.89	   -1.38	   -3.59	   -0.62	    0.83	
    1.51	   -4.53	    8.07	    0.11	   -1.88	   -2.73	    0.53	   -0.93	   -5.36	   -2.29	    1.90	
    2.23	   -2.60	    1.76	    1.05	   -0.79	   -2.52	    5.70	   -1.93	    1.25	   -2.58	   -3.07	
   -0.25	    9.03	   -3.75	    2.36	   -1.15	   -2.56	    0.36	   -1.07	   -4.94	   -3.17	   -2.09	
    1.59	    0.39	   -3.50	    3.23	   -0.52	    0.39	    0.52	   -1.30	    0.26	   -1.18	   -1.99	
   -1.14	    0.95	    2.33	    2.37	   -2.84	    0.73	    2.27	   -1.75	    0.29	   -6.52	   -5.13	
   10.21	   -7.45	   -2.36	    9.47	    0.38	   -4.26	    3.82	    0.75	   -0.28	    0.19	   -3.70	
    1.63	   -3.81	    1.67	   -1.03	   -1.24	    3.29	   -0.95	    0.14	   -3.34	   -1.55	   -0.43	
   -0.62	   -1.50	    0.79	   -0.89	    0.11	   -3.79	   -1.48	   -4.94	   -0.29	    3.10	    3.12	
    1.05	    3.83	   -2.96	    6.33	    9.15	    1.29	    1.47	    2.36	   -3.53	   -2.44	   -2.75	
    1.30	   -2.24	    0.60	   -4.55	    0.28	    4.47	    1.84	   -6.87	   -7.20	    4.93	   -0.12	
  -15.26	   11.80	   -4.17	  -12.46	   12.58	    0.29	   -4.69	   -3.69	    3.83	    2.15	   -6.63	
   -5.40	    0.60	   -6.68	    1.57	   -1.03	    0.44	    1.15	    7.11	   -2.65	    0.65	   -6.49	
    2.90	    6.82	   -3.69	   -0.45	    1.92	   -1.52	   -0.24	    1.52	   -0.37	   -3.54	   -1.75	
    2.08	   -3.15	   -0.57	    0.00	    2.89	    0.37	    0.19	    3.54	   -1.44	    4.01	   -4.91	
   10.75	   -2.73	   -0.88	   -2.12	    2.35	   -1.76	    1.40	   -2.09	    0.90	    0.11	   -6.91	
   -0.63	    2.21	   -0.37	    1.66	    2.72	   -1.40	    2.42	   -1.25	    2.14	    1.07	    0.14	
    0.23	    2.96	    1.73	   -1.08	    2.13	   -0.48	    0.01	    2.92	    0.07	    3.60	    1.17	
   -2.68	    0.67	    0.87	    0.66	    1.37	    2.39	   -0.10	    1.68	    2.33	   -2.45	   -1.23	
    5.05	   -1.69	   -3.01	    5.12	   -2.16	   -0.84	    2.23	    0.48	   -0.36	   -2.22	   -0.40	
    1.18	   -3.27	    0.36	    1.40	   -2.49	   -2.31	    8.17	   -3.07	    0.12	   -0.55	   -1.55	
   -2.98	    5.52	   -0.58	   33.33	    5.26	   -0.42	   -9.21	  -15.21	    1.09	    4.30	    8.76	
   -2.67	   -2.74	   -4.23	    0.00	    5.39	    2.33	   -2.27	    0.00	    0.93	    1.38	    0.00	
    0.00	   -2.80	   13.94	   -6.75	    2.26	    1.77	   -8.70	   -1.43	   -0.97	   -1.46	    6.93	
    2.87	    6.19	   -4.52	    2.98	   -1.16	    0.18	    1.31	   -1.87	   -1.09	   -7.10	   -1.82	
   -0.92	   -4.49	   -4.04	    3.20	    0.77	   -4.56	    1.13	   25.54	   -6.77	   -0.95	   -2.66	
   -1.57	    2.51	    7.76	   -0.83	   -3.06	    0.55	    2.82	    1.22	    0.83	   -0.22	    0.37	
    0.90	   -0.60	    0.07	    4.79	    9.15	    6.75	    6.50	   -2.48	    0.35	    0.00	   -0.41	
    1.36	    1.34	   -2.96	   -4.58	    2.10	    0.08	    2.64	    2.25	    0.86	   -2.10	    0.56	
    2.61	   -2.38	   -1.81	    6.17	    0.22	   -1.68	    0.55	    0.82	   -6.36	   -4.64	    0.37	
    1.12	   -4.95	    7.36	    0.72	    0.67	    1.53	    1.70	   -4.93	   -0.98	   -2.20	   -2.57	
    0.51	   -6.39	    0.62	   -0.60	   -1.64	   -3.93	    6.67	   -5.44	    3.32	   -4.63	   -0.79	
   10.34	   -4.61	   -1.34	    5.81	   -1.43	   -0.82	    3.76	   -4.90	   -2.04	    1.02	   -5.01	
    3.12	   -4.44	    3.47	    0.76	    0.24	   -0.51	   -0.91	    0.92	   -1.52	    0.72	   -2.40	
    8.94	   -7.32	    2.27	    3.39	   -2.56	   -0.45	   -0.96	    0.59	    3.21	   -1.92	    1.61	
  -13.08	   -1.33	   -4.04	   -1.40	   -3.79	    2.46	    0.00	  -20.67	    3.03	   -1.18	  -10.12	
  -19.33	   -1.52	  -21.24	    7.84	   -2.73	   -4.67	   -0.49	    0.99	   -8.78	  -10.16	    1.79	
   -3.53	   -7.93	   -5.30	   -4.20	    3.65	   25.35	   -5.62	   51.19	    3.54	   -3.04	  -19.22	
    0.63	   -5.30	    4.61	   -5.35	    1.33	    4.92	    1.87	  -15.03	   -6.14	  -19.23	    2.86	
    6.70	   -2.09	   -3.21	   -2.21	   -1.13	    2.86	   -4.44	    1.16	   -0.57	   -6.36	   -7.41	
   -1.23	    9.38	   -1.14	   -4.62	    3.64	   -1.75	   -6.55	    1.27	    6.92	   -5.29	    6.83	
   -7.32	    1.97	    6.45	   -4.85	   -1.27	   -5.16	    3.40	    3.29	   -8.92	   -8.39	   -3.05	
   -7.13	   -1.80	   -0.17	   -1.67	   -7.80	    0.92	    9.65	   -7.64	   -7.91	    2.54	   -9.33	
   -2.95	    1.52	    1.28	  -14.80	  -33.00	   40.74	    0.00	   -5.26	   -6.94	    1.79	    3.23	
   -1.96	    1.30	    0.01	   -0.80	    1.85	    2.29	    2.95	    4.05	   -1.52	   -2.86	   -0.03	
   -0.30	    0.14	   -1.55	   -5.81	    0.81	   -1.48	    0.40	    3.53	    0.15	    3.04	   -3.18	
    3.01	   -2.94	   -1.37	   -1.31	    0.08	   -1.17	    2.63	   -0.97	   -2.77	   -0.75	    1.47	
   -1.72	    0.94	   -3.05	    2.49	   -3.41	    1.55	    2.13	   -0.47	   -0.09	   -1.71	   -1.35	
   -0.26	    6.14	   -1.54	   -2.24	    0.52	    2.45	   -1.80	   -0.85	   -1.29	   -0.17	   -3.32	
    1.64	    3.52	   -3.03	    2.60	   -0.08	   -0.42	   -0.51	   -1.49	   -1.30	   -1.76	   -1.16	
    7.87	    0.73	    0.65	    0.94	    0.71	    0.57	   -0.35	   -0.21	   -0.14	    0.00	   -3.12	
    2.50	   -3.30	    3.70	    0.29	    0.28	    0.14	   -0.71	    0.36	    0.36	   -1.84	   -2.10	
    3.16	   -0.64	   -2.73	    3.24	   -1.71	    1.09	    0.65	    0.00	    0.36	   -0.36	   -2.14	
    0.71	   -0.96	   -5.66	   -2.43	    5.26	   -2.42	   -0.22	    9.24	    3.86	    3.72	   -4.69	
   -0.85	    7.56	    0.04	   -1.56	   -1.99	    0.00	    1.38	    1.14	   -1.12	   -3.41	   -1.41	
   -2.07	   -3.49	   -0.65	    5.19	    2.47	   -2.81	   -4.13	    0.65	    4.07	    0.41	   -0.61	
    0.00	    0.16	    1.67	    0.20	    4.00	   -1.35	    1.36	   -2.77	   -3.09	   -2.78	   -1.76	
    4.58	   -0.82	   -2.85	    4.60	   -1.90	   -1.20	    4.06	   -3.41	   -1.95	   -3.01	   -2.44	
   -1.84	   -0.15	   -4.58	    2.29	   -0.39	   -0.58	   13.82	   -0.59	   -1.60	   -2.87	   -3.76	
    1.59	   -7.31	    3.99	   -0.72	   -0.68	   -1.56	    1.02	    0.78	    0.09	   -4.20	   -1.76	
   -0.79	   -2.54	    6.64	    3.69	   -3.00	   -1.43	   -0.87	   -1.90	   -4.22	    1.76	    0.76	
   -1.88	    2.64	   -1.23	   -1.77	   -4.88	    1.01	   -0.13	   -1.32	    3.62	    0.00	   -0.06	
    2.83	    0.00	    0.50	   -0.06	    4.66	   -3.15	    0.49	   -2.44	    1.13	    0.56	    0.00	
    3.57	   -2.08	    1.15	    0.84	   -0.65	   -1.50	    0.24	    0.36	   -3.26	   -1.31	   -2.53	
   -1.34	   -4.23	    0.29	    0.44	   -0.06	    3.76	    0.43	   -2.21	    2.74	    0.57	    1.40	
    0.75	   -4.45	   -0.29	   -0.88	   -1.65	    2.80	   -3.35	    3.06	   -1.56	   -0.88	    2.00	
    0.00	   -1.15	    1.35	   -2.49	   -2.11	    1.10	    1.56	    0.78	    0.93	    0.36	    0.01	
   -1.00	   -4.68	    2.11	    0.21	   -0.74	   -3.46	    0.86	    8.94	   -5.77	    0.83	   -4.54	
    3.67	    8.88	   -4.10	    4.36	    3.50	    0.29	   -0.41	    5.35	    1.94	   -4.98	   -1.36	
    1.03	    2.24	    0.63	    0.99	    2.40	    0.90	    0.60	   -2.37	    2.73	    1.18	    0.29	
    2.28	   -5.99	    4.75	   -2.03	   -1.95	    3.85	    3.83	   -4.32	   -1.99	   -2.64	    1.20	
    3.36	    0.90	   -3.40	    7.04	   -1.27	    0.99	   -1.04	    3.68	   -1.41	   -2.23	   -1.87	
    0.00	    0.00	    1.89	    5.19	    0.21	   -0.98	   -0.64	   -0.04	   -1.54	   -0.25	   -5.75	
   -0.96	    1.08	   -1.26	    1.47	   -1.52	   -1.04	    7.11	    6.46	   -2.23	   -4.84	   -3.10	
    0.00	    0.36	    0.72	   -1.43	    0.36	   -1.09	   -0.37	    0.00	   -0.74	    0.37	   -0.37	
    0.37	   -0.37	    0.00	    0.00	    1.19	   -1.17	    2.59	    0.00	    0.00	   -1.81	    0.00	
   -1.85	    0.00	    0.38	    0.00	    3.00	   -3.27	    5.26	   -0.71	   -2.88	    3.33	    0.36	
    0.73	    0.87	    3.07	   -1.46	    1.99	   -1.12	    2.70	   -0.65	   -0.02	    0.14	   -4.39	
    0.48	   -4.75	    4.45	    3.31	    1.57	    1.53	   -2.76	    1.53	    1.82	   -0.84	   -5.30	
   -1.41	   -1.65	    0.78	   -6.07	    3.21	   -1.77	   -4.68	    3.89	    1.96	    0.07	   -1.78	
   -1.38	   -0.88	    0.23	    1.69	   -0.14	    0.23	    0.74	   -0.68	   -0.05	    0.69	   -0.87	
    5.75	    1.04	   12.05	   -5.11	    4.17	   -0.66	   -2.07	    0.56	   -2.66	    0.69	   -2.11	
   -0.62	   -0.62	    1.25	   -5.56	    3.27	   -5.06	    4.00	    3.21	    0.62	   -3.09	    3.18	
    0.00	    1.23	    0.00	    1.22	    7.23	   -3.37	   -0.58	   -1.17	    2.96	   -2.87	   -1.78	
    1.57	    4.51	   -3.63	    2.83	    1.49	   -1.69	   -1.95	    1.52	   -0.12	   -1.50	   -0.82	
   -2.24	    0.22	   -4.69	    2.86	   -2.34	    2.62	   -4.66	    8.50	   -3.33	   -0.78	   -5.82	
   -0.99	    0.00	    0.50	    2.48	   -0.10	    0.10	   -1.93	    1.28	   -1.85	    2.08	   -0.97	
   -0.49	   -1.96	    2.00	   -1.47	    0.50	    1.49	   -1.46	    0.50	    0.00	    0.00	   -0.10	
    0.69	    1.37	    8.78	   -3.11	    1.28	   -0.63	    0.00	   -2.17	   -6.25	   -4.86	    0.44	
   -0.71	    0.00	    3.60	    0.69	    1.38	   -0.68	   -5.48	    2.17	    6.38	   -2.00	    0.00	
    1.06	   -5.88	    1.34	   -0.22	    0.88	   -1.75	    4.01	   -2.78	   -0.88	   -1.11	    1.12	
    0.84	   -5.41	    5.27	   -0.21	   -5.44	    3.54	   -0.85	   -2.80	   -1.55	   -2.93	    1.39	
    0.39	   -0.20	   -2.16	   -1.60	   -2.65	    5.02	   -1.79	   -0.61	    5.51	   -0.19	   -3.49	
   -3.94	    7.73	    5.16	   -1.71	   -2.39	    2.67	    0.87	  -11.80	   -5.35	    0.77	   -0.26	
    0.95	   -2.26	   -7.72	   -6.07	   -2.45	    5.48	    1.08	    7.92	   -6.15	    1.69	   -9.56	
    5.08	    1.61	    4.08	    1.42	   -2.36	    2.86	    2.14	   -0.10	   -2.20	    1.50	   -0.11	
   -3.05	    4.77	    0.41	   -2.37	    3.38	   -1.63	   -0.62	    2.40	    2.34	    1.99	    0.00	
   -0.81	   -0.73	   -1.23	    4.66	   -5.37	    0.97	    3.21	    1.01	   -0.48	   -0.80	    4.53	
    5.31	   13.57	  -10.66	   -0.41	    7.95	   -6.54	    0.65	   -7.29	   -8.15	   -2.47	   -4.90	
    2.82	   -3.05	   -6.29	    2.01	   -1.64	    1.34	    7.26	   -6.15	   -5.25	   -5.88	    4.78	
    0.63	    4.06	   -2.40	    4.00	   -3.25	    1.04	   -5.27	    1.60	   -1.57	    1.92	    1.88	
    8.09	   -9.86	   13.96	   -6.29	   -6.01	    3.01	   -1.46	   13.70	   -2.93	   -2.01	    1.37	
   -6.59	    8.24	    3.26	   -1.05	    3.19	   -7.22	   -2.22	    0.00	    2.27	   -3.33	   -2.30	
   -4.17	   10.87	   21.57	    1.61	   -1.59	   -8.06	  -11.58	  -60.32	   12.00	  -15.18	    4.21	
   -3.33	   -2.30	   -7.06	   -2.53	   -3.90	   -5.41	  -10.00	  -12.70	  -12.73	  -14.58	   -4.88	
    0.25	    5.71	    1.49	   -5.66	   -0.06	    4.53	   -1.59	   10.76	   -1.21	   -3.25	    0.97	
    2.62	   -7.25	    4.74	   -2.37	    0.93	    4.72	    1.73	    3.98	    0.47	    4.23	   -3.25	
   -0.21	   -7.97	    0.05	   -0.37	   -0.98	   -2.78	    5.72	   -1.42	    1.58	   -0.96	   -3.52	
    2.17	    7.43	   -3.10	    2.59	    1.63	    0.40	   -2.35	   -2.22	    0.60	   -2.03	   -1.03	
   -0.55	   -5.66	    4.49	    0.01	   -1.28	    0.12	    7.07	   -1.00	    1.39	   -2.54	   -0.87	
    0.32	   -6.30	    1.06	    0.90	    2.60	    0.58	   -0.32	   -2.94	   -1.66	   -0.41	   -4.23	
    0.89	   -2.89	   -0.15	   -0.68	    1.65	   -1.94	    1.07	   -1.71	   -0.31	   -0.42	   -2.38	
    4.33	   -5.61	    2.33	   -1.01	    3.06	    1.98	   -1.21	   -1.47	   -2.99	   -2.83	   -0.53	
   -1.42	   -5.05	    2.78	   -0.25	   -3.21	    3.57	   -0.49	   -3.71	    3.60	   -1.49	   -2.52	
    8.31	    1.45	   -0.43	    0.43	    0.29	    0.43	    0.42	   -2.82	   -5.95	   -2.93	   -3.34	
   -0.29	    0.00	   -0.29	    0.15	   -1.03	    1.19	    1.47	   -1.45	   -0.29	   -8.85	    3.56	
   -0.29	    0.17	   -2.12	   -2.87	   -0.30	    1.69	    0.71	   -0.29	   -1.54	   -1.44	   10.37	
    1.40	    0.82	    0.62	   -0.62	   -1.68	   -0.32	   -3.88	   -1.85	    2.49	   -0.33	    1.06	
   -0.71	   -0.78	    3.01	   -0.12	    0.88	    1.22	   -0.29	   -4.03	   -1.14	   -3.34	   -1.13	
   -0.57	    2.87	   -5.83	    3.38	   -0.86	   -3.93	    4.21	    0.69	    3.04	   -2.90	   -4.27	
    3.75	    2.82	   -2.04	    3.26	    2.20	    2.34	    0.48	    2.83	    0.79	   -2.17	   -1.34	
   -1.03	    4.15	   -1.29	    0.30	   -4.12	   -5.14	    2.49	   -0.54	    2.17	    5.31	   -2.97	
    4.12	   -5.80	    1.68	   -0.28	    0.55	    0.00	    0.66	   -0.98	    0.33	   -1.65	    0.84	
    4.03	    6.66	   -2.37	    1.70	    2.07	   -3.12	   -0.32	    0.08	    1.94	   -0.55	   -1.03	
    0.40	   -2.88	   -5.85	    1.92	    0.34	   -0.86	    0.69	    4.71	   -2.05	    2.01	   -2.70	
   -2.58	   -0.87	   -8.54	    1.66	   -0.16	    0.51	    0.35	   11.01	   -2.59	    0.69	   -3.83	
    2.71	    4.43	   -4.46	    3.84	    1.86	   -1.83	   -1.80	   -0.61	   -0.16	   -3.32	   -0.69	
    4.72	   -3.64	    4.68	    1.20	   -8.75	    1.49	    7.71	   44.63	    3.95	    1.59	   -0.28	
    1.77	   -0.16	    2.99	   -5.12	    3.23	    3.02	   -3.40	   -7.09	    1.34	    1.96	    8.46	
   14.13	    0.40	   -0.80	   -6.70	    0.69	   -4.12	   11.02	   -8.31	   -3.96	    8.07	   -6.36	
    0.25	   -0.74	   -1.29	    0.80	   -0.25	    1.00	   -0.99	   -0.25	    0.00	    0.00	   -0.25	
   -2.09	    2.84	   -0.88	    1.12	   -2.76	    0.47	    1.18	   -3.91	   -0.05	   -2.66	   -0.60	
    0.67	    2.77	   -2.08	   -2.65	   -0.17	   -0.37	   -1.78	   -1.01	   -0.49	   -1.80	   -0.14	
    0.66	    3.11	   -3.05	    0.33	    0.47	    0.04	   -0.32	   -0.18	   -0.25	    0.25	   -1.19	
   -1.35	    1.23	   -2.67	   -0.77	    3.43	    2.32	   -7.67	    0.72	   -1.46	    3.88	    0.95	
    0.92	    5.26	    0.00	   -1.30	   -4.59	    0.00	    1.98	    2.19	    0.03	   -1.56	   -7.62	
    0.00	   -0.04	   -1.78	    3.26	    3.23	   -0.56	    1.29	   -2.66	    1.81	   -2.40	    2.50	
    3.45	   -0.86	   -0.62	    1.95	   -0.07	   -1.85	   -3.76	    6.90	   -4.87	    1.28	    2.02	
    4.84	    0.50	    0.82	    2.28	    5.73	    1.51	    2.52	   -6.22	   -4.48	    2.42	   -4.89	
   -4.89	    2.32	    0.65	   -1.45	    6.86	    1.53	    3.46	    5.82	    3.99	    1.85	   -2.21	
   -1.52	    3.16	   -1.62	    2.76	    0.27	   -1.96	    0.08	    0.38	    0.12	    1.27	    2.09	
   -4.42	    3.19	   -1.15	   -1.03	    3.03	    1.01	   -1.65	   -3.09	    0.49	    2.26	    2.84	
   -1.17	   -0.18	   -0.34	   -1.27	    0.60	    0.44	    0.18	    0.10	   -0.90	    0.91	   -4.42	
    1.26	   -0.21	   -2.29	   -2.56	   -0.88	   -1.99	    0.90	    3.35	    0.22	   -1.08	    0.44	
   -0.22	    0.43	    0.00	    1.72	    2.75	   -0.82	   -0.21	   -0.42	   -0.84	   -0.84	   -1.06	
   -3.14	    2.17	   -1.91	    7.62	    0.35	   -3.46	    4.45	    2.22	   -6.29	   -6.65	   -3.67	
    4.48	   11.26	   -1.51	    1.53	    1.40	    0.19	   -1.82	   -1.43	   -5.00	   -5.83	   -2.70	
    7.89	   -3.72	   -3.50	    5.37	   -2.49	   -1.95	    0.99	   -2.83	   -0.38	   -1.78	   -1.55	
   -0.79	   -1.71	   -5.81	    4.69	   -2.24	   -1.57	    6.61	   -2.30	    0.82	   -0.58	   -3.99	
    3.05	    1.96	   -3.54	    0.29	    3.56	   -0.50	   11.75	   -2.64	    0.29	   -0.61	   -0.67	
   -1.07	    0.43	   -5.59	    3.47	   -1.74	   -4.76	    6.42	    1.65	   -0.84	   -3.84	   -2.52	
    1.33	   -0.63	   -1.19	    0.49	    0.82	    0.49	    1.32	   -6.14	   -1.91	    0.61	    0.99	
   -1.39	    1.26	    0.69	    0.22	    0.69	    2.18	    1.69	    2.81	   -0.88	    3.76	   -2.38	
    1.14	    0.09	    1.50	   -1.75	   -1.28	    2.90	   -0.76	    2.94	   -3.13	   -0.74	   -1.64	
   -3.05	   -5.69	    2.70	    1.73	   -0.61	    1.44	    5.80	   -6.37	    0.27	   -1.76	    1.59	
    4.10	   -0.39	   -2.24	    0.27	    2.35	   -2.83	    0.95	   -0.33	   -2.22	    1.24	    0.95	
    1.82	   -0.85	    2.01	   -0.65	    1.09	   -0.07	   -2.16	    0.65	    1.75	   -3.27	    2.71	
   -1.42	    2.02	   -0.96	   -0.23	   -0.03	   -2.26	    7.94	    4.73	    3.04	    0.54	   -1.28	
   -1.02	   -1.42	    0.95	    0.22	    3.41	    0.37	    3.44	    3.25	   -1.06	    0.88	   -0.45	
   -0.83	   -0.36	    1.80	    7.79	    1.20	    0.65	  -13.12	   14.23	   -3.25	   -1.01	   -3.51	
   -3.39	    4.22	    1.35	   -2.11	    0.68	   -4.95	    4.38	   -1.25	    3.79	    5.64	   26.49	
    2.81	    1.37	   -1.80	   -3.67	   -5.83	    0.88	    5.13	    7.38	    1.00	   -3.18	    1.47	
    0.92	    3.89	   -4.49	   -0.39	    4.99	   -1.75	   -2.80	    0.52	   -1.69	   -0.79	    0.93	
   -2.78	   -1.82	    0.53	    8.04	   -5.24	    0.26	    1.28	    6.34	   -0.60	   -2.40	   -5.28	
    6.83	   -5.05	    3.90	    2.39	   -2.33	   -1.02	   -1.03	   -3.48	   -3.25	    1.87	   -1.83	
    4.56	   -2.01	    0.00	   -0.68	    2.41	   -4.38	    1.76	   -3.46	   -1.08	   -3.62	    0.75	
   -2.87	    4.06	   -5.67	    7.89	   -8.36	   -1.90	    9.69	    1.06	    2.10	   -2.05	   -4.90	
    3.93	   -3.03	    0.39	    1.05	   -2.14	   -1.07	    2.21	    4.39	   -4.41	    0.33	    1.22	
   -0.95	    0.16	    1.33	    1.89	   -1.65	    1.63	    0.00	   -2.12	    0.32	   -0.26	   -8.76	
    2.08	   -1.32	   -1.09	    1.72	    1.63	    0.47	   -3.42	    6.90	    1.43	   10.65	   -7.43	
    2.48	   -1.08	    2.30	   -1.79	    0.00	    0.73	    0.47	    0.97	   -0.36	    1.79	   -0.11	
    0.00	    7.72	    2.05	   -6.38	    0.00	    2.28	   -2.20	    4.29	    2.94	    1.59	    0.31	
   -3.86	   -0.27	   -7.62	    6.86	   -3.90	   -4.44	    3.62	    8.35	   -1.04	   -5.06	   -2.32	
    1.29	    6.59	   -3.67	    1.86	   -0.70	    2.93	   -4.25	   -5.64	   -0.05	    1.84	   -1.85	
    6.01	    1.64	   -3.18	    5.27	    2.00	   -1.51	    0.38	    0.76	    3.03	   -3.94	    0.84	
   -2.27	   -6.88	    1.32	    0.44	   -2.60	   -2.75	    4.16	   -2.20	    1.55	    0.24	   -0.64	
   -7.25	    7.44	   -4.58	   -2.58	    7.32	    1.76	   -2.77	   -3.92	   -1.98	   -1.89	    0.90	
   -3.64	   -1.08	    3.95	   -0.52	    3.82	    0.63	    2.52	   11.69	   -8.59	    3.01	   -7.25	
   -4.66	   -0.27	   -0.14	    3.41	    1.58	   -0.26	   -0.52	   -9.93	   -5.81	    1.69	   -3.64	
   11.51	   -3.31	   -1.11	    4.36	   -2.75	    0.59	    2.55	    0.38	   -0.38	   -3.63	    0.26	
   -2.48	    0.24	    2.67	   -2.50	   -0.73	    4.72	    2.17	   -2.19	   -2.74	   -3.19	    1.38	
   -2.16	    1.73	   -7.28	    2.31	    0.04	   -2.21	    3.36	    5.18	   -3.92	   -2.06	   -2.33	
    3.18	    6.94	   -4.00	    3.31	   -0.55	   -0.29	   -0.81	   -0.30	   -1.97	   -2.34	    1.70	
    6.57	   -2.90	   -1.90	    4.40	   -1.76	   -2.43	    0.35	    2.07	   -0.20	   -1.69	   -0.93	
    0.26	   -5.17	    0.80	    0.14	   -0.69	   -0.17	    6.22	   -2.13	   -0.50	    0.34	   -2.51	
    0.83	   -3.14	    5.19	   -1.08	   -1.13	    2.64	    8.68	  -11.66	   -5.04	   -2.48	    0.26	
   -4.24	   -4.01	    0.48	    2.25	   -2.71	   -0.70	   -5.88	   -1.30	   -1.37	    1.10	    0.14	
   -3.50	   -0.83	    1.80	    3.37	   -3.45	    0.07	    0.82	    0.65	    1.61	   -0.35	    2.01	
   -0.76	    0.00	    4.31	   -1.03	   -2.09	    0.00	   -4.57	    5.26	   -3.79	    0.31	   -0.16	
    7.83	   -2.38	    3.88	    3.10	    0.24	   -1.77	   -1.34	   -0.45	   -2.20	   -3.26	   -1.46	
   -5.62	    2.55	   -2.00	   -1.73	    4.13	    3.49	    1.03	   -3.38	   -1.61	    0.16	    1.77	
   -4.27	   -5.85	    4.53	    0.72	   -1.43	   -0.12	    5.95	   -1.11	    2.82	   -2.14	   -2.53	
   10.13	   -2.61	   -1.62	    4.26	   -2.18	    2.09	   -0.25	   -0.76	   -3.26	   -3.90	   -1.36	
   -4.73	    4.96	    5.48	   -2.06	   -2.52	   -4.93	    0.49	    4.18	   -3.07	   -3.41	   -6.05	
   -5.09	    3.90	    0.23	   -1.17	   -0.24	   -2.85	   -1.47	    3.23	    1.68	   -2.84	    0.73	
    3.66	   -3.72	   -4.05	    3.22	    5.85	   -3.13	   -1.14	   -1.73	   -2.35	   -6.01	    1.07	
   -0.27	   -0.29	    0.92	    2.36	    5.98	   -0.81	    1.32	    1.81	   -1.79	    0.04	   -2.72	
    2.73	    3.20	   -2.00	   -3.54	    5.18	   -3.52	    0.40	   -2.05	   -0.42	   -3.61	   -3.21	
   -0.80	   -0.16	    2.72	   -5.78	    5.44	    0.08	    4.15	    3.41	    0.13	    1.18	   -0.76	
   -1.08	    4.56	   -7.50	    5.09	   -3.05	   -3.70	    5.38	    4.01	   -1.58	   -3.92	   -4.45	
    9.47	   -2.88	   -0.37	    6.15	   -1.93	   -1.43	    2.00	   -7.12	   -1.53	   -3.70	   -2.63	
    4.35	    2.45	   -2.63	    9.34	   -0.90	   -1.93	   -1.16	    0.58	   -0.58	   -4.68	   -2.70	
   -4.21	    2.14	   -8.96	    3.20	   -3.97	   -4.65	    5.28	    5.27	   -0.37	   -2.21	   -2.63	
   -1.04	   -0.29	   -2.11	   -4.21	    1.84	   -3.01	   -4.14	    2.91	   -1.78	   -0.85	    3.12	
   -0.96	   -2.58	    3.53	   -2.24	    0.54	    0.76	    9.57	   -5.10	   -0.83	   -4.90	    1.43	
    6.84	   -2.64	   -2.40	    4.06	   -2.47	    0.63	   -0.31	   -2.63	   -1.51	   -2.96	   -1.58	
   -2.49	   -8.12	   -1.17	   -1.74	   -4.07	   -0.06	   -1.85	   -7.12	   -0.07	    0.00	    4.26	
    3.17	   -0.65	   -4.64	    0.69	    8.43	   -4.92	   -0.24	   -1.15	   -1.22	   -1.23	    0.06	
    7.08	   -5.80	   -0.18	    5.43	   -0.70	   -3.06	    0.18	   -0.36	   -2.19	    0.00	   -0.44	
    0.00	   -1.72	   -0.77	    0.85	   -1.33	    2.35	    4.17	    8.53	    1.72	    0.30	   -4.27	
   -2.20	    0.32	   -0.96	    0.32	   -1.42	    0.52	    4.17	    0.12	    2.12	   -3.12	    2.21	
    1.24	    0.12	    0.74	    0.79	    0.42	   -0.12	    4.64	   -0.40	   -2.31	   -1.71	    1.74	
    0.10	   -6.02	    2.68	   -3.37	   -2.77	    4.78	    1.64	   -0.69	   -3.59	   -2.41	    1.24	
    5.38	   -6.51	    7.14	   -0.29	   -1.15	   -2.55	    2.59	   -2.95	   -3.31	   -2.72	    0.40	
    3.85	   -0.56	    1.86	    4.02	    0.00	   -1.05	    0.89	    7.75	    1.80	   -3.21	    1.82	
   -3.94	   -0.82	   -0.66	   -0.67	   -4.52	   -2.81	    3.43	    4.54	   -4.17	   -2.26	   -4.10	
   -2.20	   -8.64	    1.94	   -0.25	   -1.02	   -2.57	    5.94	   -4.61	    1.05	   -2.72	   -2.66	
    7.37	   -3.56	    0.96	    2.71	   -2.37	   -0.54	   -0.68	   -0.27	   -1.51	   -0.28	   -0.98	
    1.62	   -7.15	    4.26	   -0.34	   -0.32	   -0.62	    0.05	   -0.27	   -1.82	   -2.24	    3.38	
    0.52	   -5.90	    4.32	   -2.37	   -4.11	    7.52	    5.09	    0.00	   -2.50	   -2.10	    1.95	
    5.38	   -8.13	    0.29	    3.28	    0.34	   -1.98	    0.12	    2.57	   -1.63	   -2.29	    0.85	
   -2.81	   -4.23	    6.26	    0.06	   -3.08	    0.40	    4.49	    0.50	    0.06	   -3.39	    1.27	
    7.38	   -2.92	   -2.15	    4.69	   -1.55	   -1.19	    1.72	   -5.92	   -0.27	   -4.06	   -1.46	
   -0.86	   -3.74	   -0.09	    0.86	   -1.63	   -1.04	    6.02	   -5.97	    0.35	   -0.79	    1.15	
   -4.14	   -2.77	    1.90	   -2.68	   -0.38	    0.83	   -1.78	    0.19	    3.17	   -0.38	   -1.32	
    1.47	   -4.67	    1.99	   -1.82	    0.86	    1.11	    9.92	   -0.88	   -1.96	   -3.70	    4.85	
    3.41	   -0.42	   -1.35	    3.12	   -0.28	    1.69	   -0.84	    0.06	   -0.41	   -0.66	    0.28	
   -0.25	    0.10	    1.85	   -1.55	   -0.27	    2.62	    0.10	    1.07	   -1.28	    1.30	   -0.02	
    7.22	    2.13	   -3.47	    0.00	    1.08	    0.36	    0.28	    3.25	   -1.03	    2.77	   -0.34	
    0.13	    0.00	   -0.67	    2.23	    0.79	   -2.30	   -1.01	    3.05	    2.30	   -1.93	    4.92	
   -1.03	    0.35	    3.46	    3.34	   -4.21	    0.34	  -10.44	   -0.38	   -0.75	    6.92	   -0.43	
   -1.87	    3.63	   -3.25	   -4.31	   -0.36	    1.27	    1.16	    0.00	    0.26	    0.88	   -0.17	
   -0.09	   -0.36	    1.36	    0.00	   -0.18	    0.18	   18.09	    8.60	   -8.55	    0.30	   -5.23	
   -5.17	    2.00	   -4.17	    1.89	   -2.58	   -2.98	    0.77	    1.27	   -2.92	   -3.10	    0.44	
   -2.48	   -6.27	    4.37	    1.09	   -1.87	   -2.93	    7.48	    8.35	    1.21	   -2.56	   -4.16	
    5.90	   -3.31	   -1.10	    3.72	   -2.20	   -0.56	    0.60	    1.76	   -0.66	   -4.84	   -1.17	
    0.97	    0.00	    0.00	    1.37	    5.41	    0.00	    0.00	    0.00	    0.00	    0.00	    0.00	
    2.73	   -0.89	   -0.38	   -3.47	   -1.06	    2.15	   11.58	   -0.94	   -1.90	   -4.98	   -2.43	
    0.60	   -1.80	   -2.04	    0.05	    1.62	   -2.97	   -0.39	    4.05	    1.21	    0.91	    8.80	
   -0.14	   -0.41	    1.91	    2.07	    0.27	    1.14	    9.78	    5.80	   -0.38	   -0.84	    0.32	
   -0.37	   -1.05	   -7.43	    0.86	    0.28	   -0.28	   -1.42	    9.22	   -2.11	   -1.62	   -1.64	
   -2.15	    0.65	   -5.29	    6.36	   -2.00	    2.11	    6.49	   -1.52	   -1.30	   -1.20	   -3.45	
   -1.42	    1.25	    7.37	   -1.72	    1.29	    1.82	    1.50	   -6.95	   -1.14	   -3.37	   -0.44	
   -2.58	   -0.42	   -8.50	    4.62	   -2.83	   -3.58	    5.30	    3.29	   -0.80	   -2.57	   -2.67	
    6.25	    3.55	   -3.76	    3.94	    0.63	   -1.58	   -1.88	   -2.15	    0.06	   -2.28	   -2.89	
   -1.97	    2.62	    4.18	   -0.16	    0.33	    0.82	    0.57	   -8.14	    0.88	    0.87	    3.02	
    0.87	    3.02	   -0.84	   -3.21	   -0.61	    5.79	   -1.66	    1.10	   -2.00	   -3.83	   -3.10	
    4.14	   -1.26	   -3.93	    3.52	   -1.10	   -0.28	   -1.40	   -0.57	    0.67	    0.57	    2.63	
   -1.26	   -3.93	    3.52	   -1.10	   -0.28	   -1.40	   -0.57	    0.67	    0.57	    2.63	   -3.84	
    3.81	    3.22	    0.88	    3.43	    3.64	   -0.77	   -2.77	   -4.34	    2.98	    4.03	    0.18	
   -0.15	    1.51	   -1.53	   -4.07	    2.04	   -0.51	    4.44	    1.43	   -4.68	    1.69	    1.56	
    0.26	   -4.33	  -15.71	   -4.60	    3.41	   -3.51	    3.19	    0.83	    1.42	   -2.48	    0.61	
    1.74	    7.93	   -2.33	    2.10	    1.03	   -2.22	   -1.79	    0.00	    1.06	   -3.62	   -3.06	
   -1.75	    1.48	   -5.64	    2.37	   -3.02	    0.83	    0.62	    7.78	   -3.51	    0.20	   -4.13	
    3.39	   -5.29	    5.32	    2.27	    0.00	   -0.49	    4.22	    7.86	   -2.87	   -1.36	    1.61	
    0.00	   -2.71	   11.15	   -6.13	   -3.56	    3.08	    1.79	    9.09	    3.49	    0.26	   -0.78	
   -2.90	    5.98	   -0.22	    1.52	    0.00	   -4.50	   13.45	   -2.17	   -4.04	   -1.26	    1.28	
   17.74	   -4.36	   -1.71	    5.02	   -4.41	   -1.92	    0.20	   -2.54	   -0.40	    0.20	   -4.43	
    0.49	   -0.24	    4.38	   -2.33	    0.24	    0.48	    1.42	    6.31	    0.00	   -2.86	   -0.45	
   -0.92	    2.10	    0.46	    0.00	   -2.50	    2.33	   -2.96	   -2.58	   -2.41	    0.99	   -0.49	
   -0.63	   -2.73	    0.86	   -2.36	   -1.32	    3.11	    0.43	   -2.58	   -4.41	    0.92	   -2.28	
    0.91	   -0.74	   -0.12	    5.75	    1.62	    2.59	    2.52	   -0.22	   -0.83	    2.26	    1.07	
    2.38	    3.61	    1.56	   -3.40	    0.16	    0.28	   -0.51	   -0.57	    4.21	   -2.45	    2.07	
    0.69	   -6.33	    0.10	    2.21	    0.62	    0.62	    0.19	    0.77	    2.82	   -5.79	   -1.55	
    4.73	    0.52	    5.22	   -2.12	    1.66	    1.08	    1.62	   -4.18	    1.72	    2.60	   -0.13	
    2.49	   -2.87	    0.75	    0.00	    1.16	   -1.53	    3.43	   -0.97	    0.69	   -6.33	    0.10	
    0.40	    0.20	    1.77	    3.29	    4.49	   -2.33	   -1.47	    0.93	   -1.29	   -2.99	    1.16	
   -4.80	    1.68	   -4.13	    0.65	    1.93	    1.60	    2.36	    3.84	   -1.36	   -2.17	   -1.41	
    0.00	   -0.99	   -0.75	    1.31	   -1.74	   -2.57	    3.21	    0.40	    1.20	   -1.68	    0.75	
    2.16	    1.71	   -1.37	   -0.85	   -3.21	    0.05	    2.01	   -0.92	   -1.11	   -0.42	    1.88	
    1.67	    0.85	   -0.64	    1.49	    1.56	    0.63	    4.21	    0.55	   -2.42	   -1.12	   -0.19	
   -2.88	    2.84	    4.51	    3.96	    9.46	    0.11	   -1.68	   12.53	   -1.43	    0.48	    4.23	
   -0.49	    0.00	    2.94	   -1.52	    4.45	    1.39	   -4.38	    0.00	   -0.29	   -0.38	    2.40	
    0.48	    4.23	   -3.23	    1.62	   -0.75	   -5.57	    1.30	   -0.99	    0.90	   -1.68	    2.11	
   -1.66	    0.98	   -0.79	   -0.80	    1.43	   -0.97	    1.96	   -4.27	    0.46	   -1.72	   -3.69	
    1.30	    0.83	    0.55	    0.45	    1.44	   -1.95	   -0.36	    0.27	   -0.82	    0.09	   -0.09	
    1.56	   -2.43	    0.37	   -2.58	    2.55	   -3.32	   -1.62	   -1.36	    4.42	   -1.22	   -0.29	
   -0.07	   -0.33	    0.40	    0.00	   -2.37	   -1.35	   -0.68	   -0.34	    2.77	    1.01	   -1.00	
   -0.34	    2.77	    1.01	   -1.00	    0.34	   -1.41	   -0.61	   -1.03	    0.00	   -0.35	   -0.69	
   -0.74	   -2.23	   -5.97	    2.54	    2.59	   -1.10	   -1.78	    7.46	    1.37	   -1.35	    2.00	
    0.32	    6.00	   -4.34	   -1.58	    7.08	   -0.10	   -0.20	   -4.52	   -2.63	   -0.54	   -4.89	
   -2.25	   -2.76	   -7.78	    2.29	    0.57	   -1.39	   -5.05	    5.67	   -3.19	    0.52	   -2.07	
    0.45	   10.78	   -2.53	   -3.64	    5.22	   -3.93	    1.42	    2.98	   -2.39	    0.00	   -3.66	
   -0.75	    4.18	    2.55	    5.87	    5.21	    0.48	   -2.07	    1.46	   -1.60	   -3.41	   -2.02	
    0.41	   15.82	   -8.63	    0.14	   -9.00	    0.53	   -0.79	    0.80	    1.84	    4.13	    2.58	
    0.98	   -2.22	    1.14	    2.10	   -1.44	    0.53	   -3.91	    3.77	    0.00	   -2.42	    0.00	
   -2.53	    2.39	    1.32	   -2.35	   -1.79	    1.04	    0.52	   16.45	   -7.95	   -2.88	    1.23	
    5.88	   -1.77	   -2.06	    2.10	   -4.88	   -2.43	   -1.11	  -12.32	    7.67	   -7.12	   -3.83	
   -7.12	   -3.83	    5.98	   -1.88	   -1.60	    3.25	    7.55	   20.76	   -2.91	    4.49	    6.21	
    9.11	    2.92	   -5.27	    5.78	   13.16	    3.58	   -6.74	   14.81	   10.65	   -1.75	    7.86	
    0.50	   -0.59	   -5.47	    4.00	   -2.02	   -0.52	    8.10	   -6.82	    1.75	   -4.05	   -4.44	
   -2.60	   -2.03	    4.79	   -2.28	   -1.49	    0.76	    0.86	   -2.44	   -0.76	   -4.39	    2.52	
    9.74	  -10.24	   -1.86	    0.34	    9.64	    1.11	    2.61	   -6.81	   -0.76	   -5.25	    1.08	
    0.55	    0.00	    3.30	   -0.06	   -3.08	    3.91	   -0.65	   -0.95	   -0.72	  -10.22	   -0.20	
    1.91	   -5.84	    6.35	   -0.07	   -0.29	    0.29	   -0.29	   -0.07	   -3.47	    0.07	    0.67	
    0.00	   -4.15	    4.92	   -1.78	   -3.11	    5.08	    3.41	    1.03	   -3.40	   -3.31	   -0.87	
   -0.83	   -5.21	    6.15	    1.86	   -1.42	    1.03	    8.57	   -2.26	   -4.62	   -2.82	   -0.21	
    6.33	   -1.34	    2.33	    1.90	   -0.93	   -1.88	    4.22	    0.18	   -1.29	    0.56	   -2.59	
    0.00	    0.56	   -0.83	    2.80	   -1.36	    0.00	   -0.28	   -2.44	   -0.06	   -0.57	   -1.14	
    1.44	   -1.36	    2.25	   -0.56	    1.42	   -1.56	   -0.11	    0.85	    3.66	   -2.17	   -1.39	
   10.25	    0.36	    6.25	    2.17	   -0.02	   -1.73	    0.64	   -5.35	    0.00	    0.27	   -4.69	
   -4.80	    0.29	    0.38	   -2.29	   -0.39	    0.99	    1.07	   12.44	   -2.99	   -1.60	   -3.02	
   -1.91	    1.10	   -7.18	    3.96	   -6.17	   -3.56	    4.17	    1.31	   -3.19	   -4.32	   -0.90	
    3.21	    6.85	   -6.06	    3.47	   -0.76	   -1.09	   -0.28	    3.27	   -1.82	   -3.30	   -3.04	
   -2.68	    3.62	   -3.25	    3.21	    0.17	    1.21	   -6.08	    7.78	   -1.11	   -1.98	   -2.61	
   -3.52	    0.31	   -4.26	    1.27	    3.02	    5.05	   -1.30	    3.02	   -1.47	   -0.56	   -0.93	
    4.37	   -3.66	   -2.36	    4.82	   -2.48	   -1.81	    2.40	   -5.23	   -1.33	   -1.54	   -3.33	
   -1.31	    1.52	   -0.93	    1.32	    0.00	   -0.74	    3.00	   -6.19	    5.63	   -0.55	    1.29	
    8.89	   -3.34	   -2.44	    4.30	   -3.76	   -1.74	    2.48	   -4.42	   -1.86	   -4.48	   -2.28	
   -1.15	   -9.06	    3.41	   -3.04	   -4.41	    4.22	    2.13	   -0.89	   -3.32	   -1.69	    1.11	
   -0.90	    1.88	    1.99	   -3.09	   -1.52	    0.99	    2.79	    1.42	   -0.27	   -1.27	   -1.63	
    1.99	   -4.17	    1.19	    1.18	   -1.78	   -0.84	    3.66	   -1.49	   -0.90	   -2.71	    0.36	
    0.00	   -3.08	    1.03	    2.17	    0.58	   -2.95	    7.54	   -0.84	   -0.11	   -2.74	   -2.55	
    0.04	   -2.45	    4.01	   -0.76	    1.52	   -0.56	    0.53	   -2.81	   -0.23	   -1.47	    1.18	
   -0.80	   -2.70	   -4.38	    1.68	    4.84	    0.54	    1.35	    0.00	    0.53	   -2.65	    1.63	
    0.53	   -1.32	    0.00	    3.20	    1.29	    1.28	   -2.27	    2.32	   -3.02	   -3.38	   -7.26	
    5.64	   -0.53	   -3.86	    6.37	    1.26	    0.73	   -5.95	    1.54	    0.99	   -4.36	   -0.47	
   -3.27	   -1.76	   -8.26	    3.44	   -1.13	   -1.61	   -2.10	    4.21	    0.15	   -1.83	   -4.73	
    4.03	    1.23	   -5.22	    4.74	    0.00	    0.06	   -0.61	   -0.92	   -0.31	   -3.30	   -2.19	
    2.33	   -5.60	    3.46	   -1.95	   -3.92	    4.42	    1.73	    2.84	   -0.86	   -4.45	    2.39	
    0.35	   -0.50	    0.45	   -0.15	    0.40	   -0.20	    0.15	    0.10	   -0.50	   -0.70	    0.05	
    1.52	    1.00	   -0.25	    1.24	   -3.04	   -0.15	   -0.25	   -1.17	    0.56	    0.10	   -0.77	
   -0.57	   -2.04	   -0.44	   -0.04	   -0.29	   -1.73	    0.45	   -5.10	    0.94	    2.72	   -0.11	
   -1.33	    3.03	    3.05	   -0.21	    1.64	   -0.21	   -1.56	   -2.81	    0.27	    3.42	    4.31	
    2.50	    7.90	    0.67	    2.01	    7.41	    7.25	   -0.81	    6.86	    2.46	    1.31	   -0.04	
   -0.92	    0.62	   -6.60	    8.55	   -5.60	   -2.33	    6.49	    0.46	   -1.30	   -1.09	   -2.36	
    4.21	    3.11	   -4.00	    5.81	   -0.97	    0.52	   -1.04	    7.91	   -1.40	   -2.83	   -3.57	
   -1.41	   -0.95	   -4.56	    3.02	   -1.22	    1.48	    7.06	    2.05	   -1.11	   -2.93	   -2.78	
    3.61	   -4.65	    5.85	   -0.69	   -0.93	   -0.70	   -1.42	   -0.72	    0.00	   -1.45	   -0.49	
   -0.16	    4.51	   -8.71	    5.06	   -4.74	   -2.24	    6.87	   -1.59	   -0.73	   -0.89	   -5.00	
    5.17	   -2.00	   -0.43	    3.33	   -2.23	   -0.59	   -0.26	    2.90	    1.82	   -4.96	   -4.71	
   -0.86	    1.39	   -0.74	   -0.35	    2.60	    0.00	    6.14	    1.54	    1.52	   -2.47	    0.11	
   -1.32	    0.91	   -1.85	    1.02	    5.01	   -0.05	   -5.23	    0.21	   -2.30	    1.37	   -4.53	
   -3.16	    0.47	   -2.36	    0.00	    4.34	    2.72	   -2.20	   -2.46	    0.16	    0.73	    0.47	
   -7.50	    1.74	   -1.56	   -1.45	    8.50	    1.89	   -2.39	   -3.40	   -4.64	    0.29	   -0.44	
   -0.39	   -2.97	   -1.33	    0.94	    1.07	    1.46	    1.17	   -2.32	   -0.92	   -0.53	   -7.50	
   -5.01	    5.72	   -2.22	   -0.85	    1.86	   -0.56	    0.71	    3.09	   -4.90	    2.58	    1.95	
    1.02	    0.14	   -3.24	    0.87	    5.22	    0.03	   -2.23	   -6.49	    0.46	   -0.17	    2.23	
   -2.94	    2.12	   -5.02	   -4.95	    0.52	    0.24	    0.32	   -0.99	   -1.08	    7.26	   -2.66	
    0.58	    0.74	   -0.73	    0.08	    2.47	    0.44	   -1.22	   -4.29	   -1.16	   -3.41	   -2.32	
    1.10	   -3.69	    1.80	   -0.88	    4.02	    0.00	   -3.65	    0.22	   -0.44	   -1.56	   -1.81	
    8.56	    0.46	    1.62	    0.45	    0.00	   -0.45	    2.05	    0.00	    1.56	   -0.66	   -3.31	
    1.47	   -6.35	    3.55	   -0.97	   -0.53	   -1.28	    3.29	   -1.85	   -1.66	   -1.23	    1.32	
   -1.03	   -4.64	    4.14	   -0.63	   -3.02	    4.05	    0.97	   -6.81	    0.22	   -2.73	    1.06	
    3.72	   17.92	   -1.93	    2.37	    1.80	    8.07	    0.89	    8.24	   -0.02	   -1.42	    0.24	
   -2.70	  -17.25	    3.31	   -6.95	   -0.51	   -8.32	    9.62	    3.14	    1.01	    4.14	   -3.47	
    0.45	   -0.69	   -1.78	   -1.17	   -7.83	    1.83	   -0.14	    2.38	   -1.58	   -2.50	    1.20	
    0.00	   -3.37	    6.03	    0.00	    0.00	    1.79	   -0.16	   -0.96	    0.97	   -2.40	    0.00	
    0.00	   -1.67	    0.85	    0.20	    5.50	   -1.43	   -4.23	   -0.24	    0.47	    0.00	    0.00	
    0.07	   -1.31	   -0.13	    2.45	   -0.65	   -0.65	    0.66	    0.00	   -2.28	    3.33	   -1.45	
   -3.84	    4.59	    0.07	   -0.87	   -2.00	    7.05	    0.65	   -4.95	   -2.59	    3.86	   -5.01	
   -1.05	   -0.05	    0.91	   -2.69	    1.95	    0.33	    0.43	    0.32	    0.15	   -1.56	    1.24	
    1.94	   -1.05	   -0.53	   -0.85	   -3.51	    1.79	    4.47	    4.06	   -0.27	   -3.82	   -1.95	
   -8.16	   -6.67	   -4.76	   -5.00	   14.74	    0.92	   -0.91	   -8.26	    5.00	   -2.38	   -9.76	
   -2.73	   -4.21	    7.32	   -4.55	   -0.48	   -9.09	  -23.68	   37.93	   -5.00	    2.63	   -7.69	
   -1.96	    0.00	    4.00	   -1.92	    0.00	   -5.88	    2.08	   -8.16	   -6.67	   -4.76	   -5.00	
   -0.34	   -3.06	    4.21	    2.69	   -3.93	    0.34	    0.00	   -1.70	   -2.42	    0.00	    1.06	
    0.65	   -3.25	    1.34	   -1.66	   -1.35	    3.07	    1.32	   -4.25	    0.00	   -3.75	   -0.35	
   -2.75	    4.08	   -3.92	    0.52	    1.04	   -1.55	   -0.42	    0.53	   -1.88	    0.00	    0.75	
    2.72	    0.20	   -0.51	   -2.96	    1.47	    1.55	   -3.57	    0.53	   -0.53	    1.06	    1.57	
   -0.98	    0.55	    6.56	    0.00	   -2.05	   -0.52	    0.42	    4.82	    0.00	   -1.00	   -4.04	
   -0.97	    3.92	   -0.31	   -1.58	    4.17	   -2.46	   -5.99	    0.67	    1.33	   -0.66	   -4.64	
    3.26	   -0.63	   -3.49	    0.99	   -2.28	   -0.33	   -3.34	    3.46	   -1.67	    3.40	   -0.33	
    0.84	    1.66	    7.35	   13.69	    3.01	   -2.60	    0.00	    2.33	    3.26	   -0.63	   -3.49	
    0.40	   -0.98	   -0.71	    1.35	    4.01	    7.42	    1.05	   -5.03	   -1.21	    8.36	   -0.51	
   -0.66	   -1.18	   -7.11	    3.71	   -1.97	    2.25	    0.70	    2.45	    4.62	   -1.98	    0.66	
   -0.25	   -6.48	    4.80	   -2.54	   -3.39	    3.51	    6.01	   -2.96	   -1.02	   -3.33	    0.53	
    1.84	    3.87	   -7.94	    2.43	   -0.26	    0.00	    1.58	   -0.52	   -0.78	   -2.89	   -2.17	
    4.54	   -2.59	    0.18	    4.21	   -2.15	   -1.85	    3.19	   -0.32	   -0.37	   -3.43	   -1.59	
    0.17	    0.00	    1.26	    1.84	   -0.29	   -2.72	    2.30	    0.00	    0.16	    0.97	   -0.16	
   -5.24	    1.61	    0.91	    0.45	   -1.79	    0.91	    0.00	    3.61	   -2.40	   -2.01	   -5.47	
   -2.06	   14.44	   -8.72	   -1.01	    1.52	    0.75	    0.00	   -1.49	    1.01	   -0.25	   -5.25	
   -0.56	   -1.09	   -7.33	    2.14	   -1.87	    0.05	   -3.39	   -0.43	    0.67	   -3.50	    1.29	
    1.57	    7.58	   -4.45	   -1.59	    7.30	   -4.08	   -0.88	    6.46	   -2.06	   -0.46	   -4.26	
    1.72	    2.17	    0.09	    5.47	    4.38	   -2.70	    7.57	   -4.13	   -1.54	    7.37	   -4.16	
   -2.52	    7.87	   -2.59	   -4.49	    2.45	    5.64	   20.04	    5.89	   -3.52	    0.11	    1.62	
    7.37	   -4.16	    5.89	   -3.38	   -3.87	    7.19	   13.74	    2.84	    1.47	    3.20	    1.63	
    5.87	   -8.87	    2.68	    1.42	    1.87	   -0.69	    7.16	    1.08	    7.04	   -2.39	    1.84	
    3.89	   -3.55	    1.02	    1.82	   -1.39	   -0.81	    1.42	    0.60	   -7.97	    2.60	   -6.33	
    9.05	   -0.25	   -2.35	   -2.02	    2.99	   -4.45	    4.79	  -31.08	    1.59	   -8.09	   -3.00	
   -2.43	    0.50	    2.48	    9.37	    2.92	   -1.03	  -12.40	   -2.08	    7.89	   -1.31	    1.52	
   -0.25	   -2.35	   -2.02	    2.99	   -4.45	    4.79	  -31.08	    1.59	   -8.09	   -3.00	    5.26	
    0.34	  -13.59	  -10.11	    2.53	    8.29	    0.68	  -11.60	   -3.21	   -8.89	   -5.44	   -7.58	
    0.24	    0.49	   -0.72	    0.97	    2.41	   -3.06	   -0.49	   10.00	   -6.87	    1.19	   -3.06	
   -7.19	    1.94	   -2.38	    0.00	    0.00	    0.73	   -0.48	    2.91	   -1.89	   -1.20	    3.16	
   -0.48	   -2.15	   -0.24	    0.24	    0.00	   -4.39	   -0.51	   -6.41	  -12.88	  -42.77	   62.64	
    3.58	   -3.38	    1.45	   -0.90	   -4.55	    3.62	   -1.66	   11.60	   -1.33	   -6.34	   -0.40	
   -3.56	    7.21	    2.85	   -0.52	    4.39	   -2.04	    3.45	    0.42	   -1.54	   -0.65	   -0.38	
    2.21	   -2.18	    2.84	    0.45	    1.76	    4.01	    1.19	    0.47	    0.29	    1.45	   -0.69	
    7.80	   -2.13	   -1.30	    0.00	   -4.85	    1.39	   -0.91	   10.60	   -9.58	    0.46	   -0.46	
   -0.92	    0.93	    3.21	    0.00	   -1.33	    2.70	    0.88	   -0.87	   -5.26	   -3.70	   -0.96	
   -4.74	   -3.48	    1.55	    2.54	   -1.98	    0.00	   -5.56	    2.67	    0.00	    0.00	    4.17	
   -2.18	   -2.33	    2.90	   -1.71	   -1.84	    1.25	    4.12	   -2.67	   -1.22	   -3.70	   -1.28	
    1.48	   -4.79	    5.03	   -0.62	   -2.41	   -0.43	   -0.86	    4.02	   -1.78	    0.21	    0.64	
   -3.23	    0.22	   -1.48	   -0.60	    0.61	   -0.30	   -0.53	    3.49	   -0.51	   -0.59	   -0.74	
   -0.93	   -1.23	    1.61	   -0.57	    0.58	   -1.44	    3.50	    0.00	   -1.41	    3.29	    0.00	
   -0.15	   -2.72	    3.33	    0.44	    0.07	   -1.31	    2.95	    3.37	   -3.54	   -1.65	    1.90	
   -4.60	    0.00	    8.16	   -0.98	    0.00	    2.90	   -1.48	   -2.26	   -0.92	    0.85	   -4.16	
   -3.14	   -3.55	    1.72	   -2.54	   -0.08	    0.71	   -1.49	    1.51	    1.73	    0.23	   -3.54	
    3.77	   -0.56	   -1.97	    3.72	    3.31	  -10.43	   -1.49	   -8.18	   -4.95	   -0.35	   -5.57	
   -1.32	    2.68	   -4.78	    0.91	    1.36	   -1.79	   -4.09	  -30.81	   -2.05	    1.40	   -9.66	
   -5.57	    0.00	    2.95	  -13.98	    2.92	    0.40	   -4.84	   -6.10	   -6.59	    6.28	   -3.64	
    1.50	   -6.09	    1.57	   -2.20	    2.98	   -0.92	    7.02	   -0.87	   -1.14	   -4.18	    1.51	
    5.70	   -3.91	   -1.73	    5.86	   -1.95	   -0.12	    0.65	    5.80	   -0.87	   -4.20	   -3.09	
    0.00	    3.40	    0.94	    1.63	    0.69	   -2.95	    2.11	    0.23	    0.00	    0.92	   -0.23	
    0.00	    8.58	    1.77	   -0.62	   -0.21	    1.67	    1.02	    1.62	   -1.20	   -3.23	   -2.09	
    6.17	   -2.08	   -0.34	    1.98	   -5.83	    0.45	    5.41	    0.20	   -3.17	   -3.05	    0.58	
    0.08	   -1.66	   -1.51	   -2.71	    0.40	    1.20	    6.32	   -3.96	    0.71	   -3.09	    5.12	
    7.03	   -6.19	    0.60	   -0.60	   -1.00	    3.03	    0.20	   -2.54	    0.40	   -0.40	   -1.41	
   -0.20	   -2.57	    2.44	   -1.79	    0.61	    0.40	    3.40	   -0.77	   -2.14	    0.80	    0.79	
    1.95	    3.61	   -3.49	    3.17	   -0.07	   -1.92	   -1.91	   -2.44	   -1.52	   -4.13	   -0.71	
   -0.27	   -7.11	    4.71	   -4.04	   -5.02	    4.18	    4.69	    2.99	   -2.79	   -2.29	   -0.17	
   -0.33	  -26.47	  -14.22	    9.84	   12.26	   -7.98	  -23.29	   27.98	   11.16	   -8.37	   -4.57	
   -8.37	   -4.57	    0.00	    0.00	   -3.83	    3.98	    4.31	    5.96	   11.26	   14.01	  -15.02	
   -5.53	    6.31	   -2.12	   -2.60	   11.56	    3.59	   -9.62	   -4.26	    8.44	    0.00	   -2.46	
    0.18	   -5.40	    6.18	    2.11	   -0.41	   -2.83	    0.15	    4.74	   -2.84	   -2.12	   -1.60	
   -0.03	    6.80	   -2.46	   -3.11	    4.77	   -4.70	    2.23	    1.21	   -0.55	   -1.52	   -2.36	
   -2.90	    4.23	    5.67	    5.03	    2.49	    1.95	   -0.19	    2.17	   -1.72	   -3.66	    0.20	
    5.86	   -4.37	    2.13	    1.79	   -2.52	   -0.12	    1.20	    5.95	    0.00	   -2.25	   -0.29	
   -0.80	   -4.57	    2.25	    0.28	    1.37	   -0.54	    4.63	   -8.07	   -2.27	   -1.74	   -0.88	
    5.28	   -5.35	    1.96	    1.30	    2.23	   -0.76	    3.03	  -23.65	    0.49	   -0.42	   -2.17	
    1.73	   -3.06	    1.05	   -1.27	    0.23	    2.87	    2.45	   -4.28	   -1.97	   -2.37	    4.61	
    0.19	   -0.75	    1.50	   -3.70	    0.73	    0.42	    2.66	    0.00	    0.00	    0.37	    0.74	
   -2.09	   -0.39	   -2.64	    1.10	   -0.54	    0.36	   -0.36	    0.18	    0.00	   -2.73	    2.66	
   -1.87	   -4.57	    0.80	   -2.67	    1.22	   -1.01	   -3.55	   -7.26	   -3.29	    3.52	   -0.68	
   -0.41	    5.15	   -1.71	    1.97	    3.86	    0.00	   -0.66	   -0.33	    1.66	    8.59	    7.11	
   -1.72	    2.09	   -1.28	    0.31	    2.54	   -1.52	    3.85	    1.58	   -0.34	    0.00	    1.22	
    0.61	   -3.75	    0.96	   -0.59	    1.34	   -0.09	   -0.30	   -5.89	   -7.39	   -0.61	    1.37	
   -1.41	   -3.04	    3.56	   -3.59	   -3.51	    2.73	    1.56	    8.20	   -2.03	   -3.80	    1.83	
   -0.81	   -7.43	    1.12	   -0.47	   -2.34	    3.89	    1.50	    0.68	   -1.46	   -1.40	    0.52	
    4.49	   -6.82	   -0.03	    1.24	    0.46	    1.10	   -1.54	   -1.98	   -1.66	   -1.33	    1.28	
    1.09	    0.00	    0.65	   -0.85	    0.22	    1.72	   -2.33	   -0.22	    1.08	   -0.86	    0.43	
   -0.22	    0.44	    0.44	   -1.09	    2.65	    1.59	    4.40	   -0.85	   -0.82	    0.21	    1.28	
    5.92	   -0.67	    1.80	   -1.11	   -0.67	   -0.45	   -3.39	    8.20	    0.00	    1.52	   -0.21	
    0.28	    0.26	    1.43	    0.66	    1.09	    1.38	    2.17	    0.63	   -0.14	   -0.69	   -1.16	
    0.39	   -0.37	   -2.42	    0.65	   -1.20	   -1.62	    2.96	   -7.03	    0.15	    2.70	   -2.41	
    5.27	   -0.26	    1.09	    1.04	   -1.11	    2.16	    3.07	    1.55	   -0.71	   -0.19	   -0.49	
   -0.16	    0.64	   -0.64	    2.25	    0.00	   -1.42	    4.47	    3.05	   -0.74	   -1.79	    2.13	
    8.99	    1.01	   -8.17	   -4.52	   -1.63	    1.33	    2.79	   -1.44	    2.27	    0.79	    0.47	
    3.80	   -0.56	    1.84	   -3.06	   -1.15	   -2.46	    0.30	    3.11	    1.87	   -0.71	   -2.13	
    2.08	   -1.82	    2.68	    0.07	   -0.49	    0.67	    3.68	    0.30	    2.12	    1.14	   -1.85	
    0.13	   -1.58	   -1.48	    0.61	   -0.59	    0.71	    0.53	   -2.49	   -1.56	   -0.03	    1.41	
    1.86	   -2.85	    1.76	    1.39	   -6.83	   -1.34	   -6.57	    4.77	   -6.84	    3.67	   -1.18	
    3.73	   -1.62	   -3.30	    1.10	   -1.45	   -2.32	   -2.13	   -1.02	   -3.10	   -1.07	    0.00	
    4.54	    1.97	   -1.16	   -0.52	    1.31	    3.76	    7.49	   -5.23	   -0.98	   -0.87	   -1.00	
    1.97	   -0.92	   -1.30	    1.07	    0.98	    1.77	   -2.61	   -1.71	   -1.49	   -2.64	   -0.86	
   -0.86	    2.13	   -1.23	   -5.64	    3.29	    0.71	   -3.29	   -0.91	   -1.56	    4.14	   -3.35	
   -3.82	    2.18	   -4.17	   -0.14	    2.90	   -0.24	   -3.16	  -12.32	   -0.11	   -1.95	   -3.91	
   -4.93	   -4.07	    0.39	    0.77	   -1.53	    0.39	    4.25	    1.85	    7.27	   -1.69	   -4.83	
    7.00	   -0.73	    1.83	  -12.59	    0.82	   -1.63	   18.67	    8.39	   -2.26	    1.32	   -1.63	
    3.17	   -0.47	  -13.25	    9.32	   -0.06	    3.07	    8.39	   -0.11	   -7.30	    0.00	   -2.97	
    0.19	    0.00	    4.93	    0.00	   -6.00	   -7.77	   -0.62	    5.38	   -0.92	   -2.11	   -0.47	
    1.50	   -0.84	    2.97	   -6.46	   -2.42	    3.16	   -2.92	    1.80	   -2.51	    6.52	  -15.43	
   -5.65	   -0.55	   -2.77	    3.13	    1.59	    1.09	    1.07	    5.45	   -2.90	   -5.26	   -1.23	
   -1.70	    7.90	    5.59	    0.30	    1.94	   -2.91	    0.49	   -8.54	   -1.00	   -2.49	   -4.63	
    8.19	   -3.52	   -3.11	    4.37	   -2.49	   -0.27	    0.05	   -1.61	   -2.19	   -2.83	   -3.64	
   -2.24	    1.16	   -7.55	   -1.83	    0.00	   -0.08	    6.16	    0.08	   -0.08	   -2.98	   -3.31	
   -2.99	    1.89	   -1.26	   -2.56	    4.11	    4.53	    4.02	   -0.39	    5.81	   -5.93	    1.79	
   -4.35	    2.96	    1.63	    0.00	   -1.70	    6.05	  -12.14	    1.24	   -6.82	   -0.98	   -1.88	
   -0.22	   -0.97	   -1.96	    1.78	   -2.95	    0.68	    3.13	    8.35	   -0.30	   -0.30	    8.06	
   -3.30	   -0.47	   -0.48	    5.26	    0.18	   -0.45	    0.91	   -4.97	    2.00	    0.00	   -0.28	
  -12.74	    7.81	    9.26	    0.11	    1.41	   -4.18	   -4.25	    6.18	   -3.63	   -1.60	    2.32	
    0.67	   -6.59	    2.86	   -0.40	   -0.50	   -1.81	   -2.86	   -7.15	   -4.76	    6.78	  -13.25	
    1.63	    3.75	    0.95	   -1.79	   -2.26	   -3.20	    2.30	   -2.33	    2.94	   -0.36	   -2.24	
    5.30	   12.15	    1.64	   -0.97	   -1.63	   -6.08	    7.06	   -4.40	   -0.80	    0.81	   -1.03	
    0.00	    0.00	    0.00	    0.00	    9.02	    1.14	   -4.08	   -0.17	   -2.48	   -3.48	    0.62	
    2.83	   -3.67	    0.48	    1.42	    2.34	    2.28	    3.13	   -4.76	    8.18	   -7.98	    4.57	
   -3.13	    2.30	    6.31	   -0.42	   -0.43	   -0.43	    1.29	    5.08	   -6.45	   -0.43	   -6.49	
   -7.14	    1.81	    2.22	    6.09	   -0.41	   -3.29	   -2.13	   -3.91	   -2.71	   -2.33	    1.43	
    5.31	    1.93	   -0.65	   -1.64	    3.00	    0.65	    7.72	    3.28	    5.20	    5.77	   -1.56	
    1.76	   -0.99	    3.24	    2.42	    4.72	   -4.95	   -1.18	    0.96	    0.00	   -4.75	    3.74	
    1.50	   -3.78	   -0.16	    0.10	    0.42	   -1.02	    5.62	   -1.06	    1.31	   -0.21	   -2.21	
    2.01	    4.66	    1.10	    2.40	    2.40	   -1.01	   -8.95	   -1.47	    0.24	    1.28	    0.27	
    5.35	   -5.25	    4.64	   -0.06	   -0.35	   -1.68	   -1.82	    1.08	   -4.27	   -1.67	   -1.13	
   -0.11	   -3.91	    1.37	   -1.36	    1.60	    0.96	    4.80	   -2.82	   -2.25	   -6.17	   -1.61	
   -0.31	   -4.41	    1.32	   -0.16	   -3.26	   -1.01	   -0.85	   -4.97	    0.00	   -1.62	    8.26	
    0.52	    0.87	    3.26	    0.17	   -0.33	    2.67	    5.68	   -3.38	   -3.02	   -3.44	    4.07	
    6.48	   -1.84	   -3.88	    3.78	   -2.26	   -1.28	    2.73	    1.96	   -0.37	   -1.37	   -1.96	
   -2.57	   -0.06	   -5.10	    0.48	   -1.02	    0.30	    4.30	   -6.61	   -0.37	   -2.12	   -2.68	
    1.55	   -0.16	    2.90	    1.15	    4.44	   -1.19	   -1.23	   -0.99	   -0.28	   -2.62	    1.76	
   -1.18	    1.48	    7.02	    1.77	   -1.81	    1.25	    0.62	    3.39	   -3.10	   -3.80	    6.98	
   -0.21	   -3.16	    0.14	    0.22	    1.37	    0.93	    3.81	    3.74	    1.90	    2.89	    0.37	
   -0.28	   -4.76	    0.94	    4.38	   -3.64	   -0.86	    0.07	    1.15	    0.57	    0.71	   -1.75	
    1.61	   -3.66	    2.37	   -4.52	   -4.44	    6.53	    1.95	   -0.21	   -2.62	   -2.15	   -2.04	
    3.31	   -4.66	    1.64	   -0.99	    0.00	    0.11	    0.33	   -0.63	   -4.94	   -3.94	    1.06	
    1.29	   -5.97	   10.88	    0.27	    1.63	   -1.20	   -4.19	   -8.19	   -5.69	   -0.65	   -0.16	
    3.27	   -4.59	    3.54	   -0.14	   -0.22	   -0.90	    0.18	    3.68	    0.14	    0.53	    1.40	
   -0.18	    1.78	   -0.77	    1.13	    0.52	   -2.08	    1.88	    2.33	   11.71	   -3.65	   16.72	
    2.67	   -3.19	   -2.47	    3.53	   -2.20	    1.71	   -3.00	    4.12	   -3.08	    1.50	   -2.48	
    4.50	   -2.14	   -2.43	    0.11	    3.05	   -4.24	   -0.76	   -1.01	   -0.15	   -3.56	    1.44	
   10.69	   -3.98	   -0.89	    5.97	   -2.82	   -2.32	   -0.59	   -2.09	    1.22	    0.60	   -2.69	
   -1.37	   -6.94	    1.19	    0.59	   -0.88	   -3.25	    4.89	   -1.17	    0.59	   -1.47	   -2.38	
    3.21	    1.66	    7.14	    1.19	    0.36	   -2.85	   -1.20	    0.90	   -4.36	   -1.71	    0.00	
    3.28	    1.47	    1.58	   -0.93	    1.10	   -0.26	    2.22	   -0.52	    2.02	   -2.69	   -2.66	
   -2.67	   -5.48	    1.93	    4.74	    0.90	    0.45	    7.14	   -2.92	    4.29	   -4.53	    0.86	
    2.18	   -2.56	   -3.07	    9.05	   -0.41	   -2.92	   -0.43	    2.59	   -3.78	   -0.44	    1.32	
   -6.82	   -1.22	    8.64	   -9.66	    1.26	   11.18	   10.61	    2.42	    1.58	   -2.91	    0.00	
    0.00	   -2.91	    5.99	    5.08	   -8.60	  -12.94	   -2.70	   -4.17	    0.72	    0.00	   -1.01	
    7.06	   -9.89	   -5.49	   -0.65	    3.38	   -2.64	   13.55	    0.00	   -6.82	   -1.22	    8.64	
    1.49	   -1.47	    1.49	   -2.06	   -0.60	    2.42	    0.00	   -0.59	    0.00	   -2.08	    0.00	
    1.47	   -1.45	    1.18	   -0.29	    0.00	   -0.87	   -0.59	   -2.96	   -1.22	   -1.23	    0.00	
    2.18	    2.14	    3.95	  -10.96	    1.51	    8.66	    0.23	   -0.91	   -5.73	    7.06	    0.45	
    2.61	    1.85	    1.36	    0.00	    0.89	   -0.44	    0.22	   12.44	    0.00	   -3.75	    0.41	
   -8.35	    1.81	    1.31	    2.21	    0.22	    0.30	    0.07	   -0.74	   -0.07	    0.75	   -1.04	
    4.76	   -1.93	   -2.75	    2.10	    0.08	   -0.47	    0.56	    0.32	    3.62	    2.81	   -1.03	
    1.10	    0.00	   -1.08	    0.80	   -0.36	   -0.36	    0.22	    0.15	   -0.36	    0.07	   -0.66	
    5.96	    1.88	    4.91	    2.92	    0.00	   -1.70	   -1.16	   -7.60	    0.00	   -0.63	    3.82	
    4.11	    1.32	   -1.30	   -1.97	   -3.36	    2.78	    8.11	   -1.88	    1.27	    1.89	   -2.47	
   -0.63	  -10.43	    5.54	   -0.40	   -2.43	   -3.88	    6.34	    0.95	   -0.13	   -1.34	   -5.86	
    6.73	   -4.03	   -1.26	    6.52	   -1.06	   -0.27	    2.70	   -5.12	    0.83	   -0.41	   -1.52	
   -1.69	    8.36	   -4.68	   -2.97	    3.24	   -2.69	    5.43	    1.52	   -2.53	   -0.85	   -3.91	
    0.11	   -1.56	   -1.17	   -7.19	    3.72	   -0.59	   -8.54	    4.96	   -0.58	    1.62	   -2.32	
   -2.74	    5.68	    2.51	    3.55	    1.90	   -1.40	   -5.30	    4.42	   -0.74	   -5.90	   -0.59	
    0.83	   -3.89	    3.66	   -0.23	   -5.07	   -0.40	   11.68	   -3.13	   -2.50	   -2.37	   -0.10	
    3.00	   -2.83	    4.63	   -1.47	   -2.66	    1.79	    4.36	   -1.77	   -2.78	   -3.45	    0.96	
    0.00	    1.44	    1.42	    5.36	   -1.33	    1.57	   -1.99	   -9.68	   -2.24	   -3.32	   -2.11	
    0.47	   -0.23	   -0.23	    0.00	    0.47	   -0.70	    2.34	    6.64	   -0.64	   -7.56	   -1.40	
   -1.09	    0.00	   -0.34	    1.52	   -0.34	    2.11	   -0.60	    0.60	    0.13	    0.67	    0.99	
   -3.23	    3.27	    1.36	   -1.91	    1.04	    0.39	   -3.01	    1.65	   -1.62	    1.32	    0.33	
    0.27	    2.10	    0.00	    2.66	   -3.24	   -1.34	    4.41	    1.30	    5.77	    0.67	   -1.99	
   -1.71	   13.05	   -6.57	   -2.75	    6.23	   -2.01	   -1.51	    5.71	   -3.66	    2.41	   -2.35	
    3.57	    0.83	    0.21	    0.00	    1.02	    0.00	   -0.68	    0.27	    2.10	    0.00	    2.66	
   -3.03	   30.47	   -8.98	   -0.66	    5.96	   -4.38	   -9.80	   -2.90	   -1.49	   -2.27	   -1.55	
    8.23	   -2.34	   -3.59	   -9.94	  -10.34	    0.00	    3.08	   -6.72	   33.60	  -10.18	   -2.67	
   -3.49	   -5.03	    5.72	   -0.13	   -2.07	    1.84	    8.14	   -0.06	   -1.33	   -2.04	   -2.95	
   -2.26	    0.69	    2.72	    4.86	   -0.79	   -0.83	   -0.84	   -1.81	   -6.27	    2.31	    1.09	
   -2.21	    3.85	   -3.23	    2.27	    1.38	   -1.05	    0.27	   -0.55	    2.01	   -1.45	    0.62	
    1.47	   -8.41	   -1.11	    0.64	   -0.86	   -2.55	   -1.62	   -0.24	   -4.84	   -1.46	    1.74	
    6.93	   -2.66	   -3.19	    4.94	   -2.32	   -2.19	    5.66	   -1.97	   -4.21	   -1.43	   -1.33	
   -0.68	   -3.68	    1.55	    0.16	    1.50	    1.00	    6.61	   -2.53	   -1.70	   -0.40	   -4.64	
    8.67	    1.62	    2.31	    0.86	    1.11	    0.25	   -3.33	    1.90	   -0.82	   -0.70	   -1.45	
    5.60	    1.71	   -2.86	    2.77	   -0.34	   -2.60	    3.68	   -2.68	   -3.16	   -0.60	   -2.00	
   -2.63	   -2.03	    2.07	    1.35	   -6.33	    3.20	    3.45	   -3.80	   -8.18	    2.42	   -0.15	
    0.78	    7.75	   -1.08	   -2.40	   -1.94	    1.44	    0.37	   -1.12	    0.00	    0.38	   -1.13	
    0.89	    3.93	   -0.11	    0.44	   -2.60	    0.66	    0.33	   -0.72	   -1.66	   -4.97	   -0.80	
   -3.67	    2.19	   -3.34	    5.19	   -0.19	   -0.05	    5.98	    1.02	    0.31	   -4.25	   -5.51	
   -1.71	   -0.21	   -5.30	    2.96	   -2.61	   -3.57	    1.62	    1.54	   -1.85	   -2.06	   -2.39	
    1.36	    3.10	   -2.49	    2.91	    0.45	    0.11	   -0.95	    0.23	   -1.36	   -2.58	   -2.12	
   -6.21	    0.57	    0.75	    2.05	   -0.37	   -1.28	    2.60	    0.36	   -0.36	   -2.17	    0.74	
    0.19	   -2.44	   -0.39	    0.19	   -1.74	    1.77	    6.37	   -5.81	   -1.73	   -1.76	    2.79	
    0.36	   -3.24	   13.38	    5.90	    0.93	    1.84	    1.51	   -1.78	    0.30	    3.01	    3.22	
    0.88	    0.29	   -0.29	   -0.58	    0.29	   -3.23	    1.82	   -2.08	   -2.13	    0.62	    0.31	
   -4.62	    2.42	   -5.74	   -0.36	    0.00	   -1.44	    0.00	   -3.28	    7.92	   -3.15	    0.36	
    2.98	    6.35	   -2.19	   -4.63	    4.13	   -1.24	    0.16	    4.06	   -2.69	   -1.71	   -2.53	
   -2.20	   -1.67	   -0.88	   -6.54	    2.70	   -2.09	   -1.82	    5.88	   -2.05	   -0.47	   -2.65	
    2.89	   -0.28	   -1.69	    2.01	    1.40	   -1.94	    0.56	    7.87	   -1.04	   -1.05	    1.06	
    0.80	    2.49	    3.00	    1.01	    6.97	   -3.95	    1.21	   -2.63	    0.25	   -0.49	   -1.97	
   -4.91	   -4.13	    1.23	    2.81	   -1.72	   -2.86	    5.65	    1.83	   -1.90	   -1.79	   -4.33	
    4.14	   -0.51	    3.35	    5.18	   -2.38	    0.87	    0.05	    1.17	   -2.67	   -1.92	   -2.28	
   -0.53	   -2.66	    3.17	   -0.74	    0.21	   -0.75	   -1.18	   10.42	   -0.20	   -2.17	    1.01	
    0.30	   -1.60	    4.16	   -2.82	    1.30	    1.88	    2.04	    7.04	   -3.73	    1.29	    0.09	
    3.59	    0.93	    1.45	    2.60	   -0.89	    0.38	    2.17	  -23.35	   -2.77	   -0.67	   -2.36	
   -1.39	   -3.08	    5.29	    0.75	    2.62	    1.82	   -2.63	  -17.89	   -0.15	   -2.09	   -0.61	
   -0.61	   -2.46	    0.31	    3.30	    0.91	    2.26	    2.36	    7.63	   -5.88	    2.27	    1.39	
   -2.94	    0.05	   -0.19	    0.43	   -3.59	   -2.33	    0.36	   -0.35	    0.10	   -3.30	   -0.47	
    2.25	    3.88	    6.36	    1.00	   -3.39	    4.33	    0.19	   -2.51	   -3.44	   -3.61	    0.46	
   -4.82	    1.81	   -3.30	    2.01	    1.49	    1.83	   -3.44	   -0.96	    2.20	   -0.53	    3.01	
    3.57	    2.07	    3.38	   -1.96	   -5.11	    3.04	   -2.50	   -2.80	    0.00	    2.88	   -3.03	
   -3.29	    2.09	    7.44	   -0.48	   -2.40	   -3.19	    5.84	    1.44	   -0.47	   -1.90	   -1.69	
   -0.27	   -0.32	   -0.48	    0.00	   -0.70	    1.63	    2.83	   -1.14	   -0.05	   -0.37	    0.00	
    4.47	   -4.07	    2.52	   -0.20	   -2.10	   -0.26	   -0.26	    0.58	    0.21	   -0.10	   -0.37	
   -0.81	   -8.12	    7.71	   -2.86	   -3.29	    0.29	   -0.06	    5.67	    1.11	   -2.13	    0.17	
    5.51	   -0.39	   -0.45	    2.41	   -0.98	   -1.22	    0.22	   -0.95	    1.13	    2.51	   -0.87	
   -2.62	    1.40	   -3.34	    1.19	    0.59	   -4.22	    6.24	    5.30	    0.66	   -3.91	   -1.92	
    4.26	    4.62	   -3.49	    1.38	   -0.21	    1.05	   -0.83	   -2.31	   -0.97	   -3.58	   -1.91	
    4.91	    0.91	   -3.39	   -0.94	   -0.83	    0.72	    0.59	   -1.06	    4.88	    1.70	    0.33	
    0.27	   -6.84	    3.00	    0.61	    2.59	   -1.00	    6.68	   -1.14	   -0.66	   -0.43	   -1.80	
    1.21	    7.53	   -2.36	   -0.35	    3.61	   -3.01	   -1.78	    2.19	   -1.75	   -2.09	   -3.05	
    1.37	   -1.15	   -2.74	    5.46	   -5.74	   -0.06	    3.92	    6.45	   -2.10	   -1.73	   -2.30	
    5.41	   -3.27	   -0.70	    0.37	    1.46	   -2.73	    0.20	    1.19	   -1.54	   -4.75	    3.07	
    3.31	    5.35	   -5.08	   -1.60	    0.00	    1.09	   -2.15	   -1.65	   -0.56	   -2.81	   -1.73	
    0.37	    0.24	   -3.66	    6.33	   -1.19	   -1.81	    2.45	    5.39	   -1.14	   -1.72	    7.60	
    3.66	   -4.24	    2.70	    0.48	    0.95	    0.94	    0.47	   -0.23	   -3.03	    0.24	   -2.88	
   -2.44	   -5.01	    2.37	   -1.03	    1.82	    0.26	    7.65	   -0.95	    2.39	   -1.40	   -1.18	
   -1.64	    1.78	   -5.93	    2.93	   -2.47	   -3.39	    9.21	    2.71	   -1.63	   -3.35	   -3.18	
    3.94	    2.66	   -3.99	    3.76	    0.22	    0.30	    2.89	    0.16	   -2.11	   -2.59	   -2.88	
   -4.45	    0.73	   -1.30	    1.83	   -0.07	    3.59	   -1.60	   -5.01	   -1.56	    0.98	   -0.60	
   -2.74	    1.23	    0.61	   -0.22	    2.04	    0.07	    0.64	    1.13	    0.42	    0.56	   -1.87	
   -1.29	    0.76	   -0.14	   -2.53	   -0.35	    3.31	    0.27	   -1.77	   -3.11	    2.79	   -4.45	
    0.26	   -0.39	    0.52	   -0.65	    1.30	    0.00	    0.00	    1.79	    1.51	    0.50	    1.23	
    4.55	   -1.06	    0.13	    2.40	   -1.17	   -0.68	    1.48	    0.13	    0.39	    3.25	   -3.02	
   -1.71	    0.14	   -6.47	    3.48	   -2.18	   -2.97	    7.04	    5.17	   -1.25	   -2.75	   -6.68	
   -0.05	    4.53	   -3.60	    3.94	   -1.32	   -0.59	   -0.30	   -0.17	   -1.13	   -3.47	   -0.66	
   -1.00	    0.51	  -10.01	    4.72	    0.12	    0.89	    3.82	   -0.51	   -1.36	    0.86	   -1.66	
   -0.87	    1.17	   -2.67	    0.66	   -1.30	    1.08	    4.69	   -0.17	   -2.56	   -3.50	    0.00	
    4.45	   -4.14	    0.76	    0.58	   -0.91	   -1.29	    3.09	   -1.97	   -5.90	    1.07	    0.53	
   -0.42	   -5.38	    6.09	    0.34	    0.76	   -1.75	    7.22	   -4.99	    1.08	   -3.01	   -1.15	
    6.37	    0.22	    2.45	   -2.66	   -6.26	    4.53	    0.00	    2.74	    7.56	   -0.25	   -0.58	
    1.59	   -1.56	    1.59	   -1.56	   -3.17	    3.28	   -4.44	   -7.81	    3.60	   -5.22	   -1.83	
    1.44	    0.00	   -4.96	   -1.49	    9.09	   -2.78	   -2.14	   -4.38	    3.82	    0.00	   -3.68	
   -2.14	   -4.38	    3.82	    0.00	   -3.68	    5.19	   -5.66	   -3.38	    1.11	   -0.79	    0.79	
   -0.56	    1.70	   -2.06	   -1.02	    0.26	    1.43	    1.76	   -2.38	   -0.94	    2.04	   -3.48	
    5.03	   -1.48	    1.73	   -0.20	    1.76	    1.60	    1.22	   -0.71	   -0.16	    0.96	    0.46	
   -0.82	    0.28	    0.92	   -0.82	    0.46	    3.56	    3.35	    4.35	   -3.27	    0.08	   -0.84	
    1.10	    0.50	    1.50	   -0.16	   -3.11	    4.06	   -5.04	   -1.20	   -2.08	    1.33	   -0.70	
    4.05	   -3.58	   -0.68	   -3.06	    0.00	    3.31	    4.38	    3.78	   -1.38	   -1.90	    1.63	
    2.11	   -0.80	    0.58	   -4.03	   -0.24	    1.92	   -1.42	    3.11	    1.97	    0.34	    2.83	
    4.30	   -5.37	    2.23	   -0.60	    2.40	    0.49	   -1.84	    0.59	    1.47	   -0.68	   -1.56	
   -1.82	   -2.85	   -3.67	   -8.73	    0.23	   -3.35	    0.09	    9.84	    2.15	   -1.30	   -2.63	
    3.75	    3.21	   -2.90	    0.96	    0.43	   -2.72	    1.97	   -1.17	   -1.98	   -4.15	   -1.90	
   -0.68	    2.04	   -3.33	   -2.07	    2.11	   -0.69	    0.69	    0.69	   -0.68	   -1.38	   -2.10	
    2.11	   -0.69	   -1.39	    1.41	   -2.08	    0.28	    0.42	   -0.14	   -0.56	    0.00	    0.71	
    2.65	    2.76	   -4.09	    0.91	    0.91	    0.96	   -0.95	    1.26	   -0.83	   -1.31	   -2.29	
   -3.88	    1.45	   -6.77	    6.88	    2.68	   -3.77	    3.20	   -0.94	   -2.12	    0.24	   -5.35	
    0.32	   -0.32	    4.55	    0.62	   -1.54	   -1.25	   -2.22	    0.65	   -2.58	   -4.64	    0.69	
   -3.45	   -0.36	   -2.87	    3.69	    0.71	    4.95	    2.36	   -1.32	    0.00	    0.00	   -1.67	
    7.60	    3.53	    3.67	   -1.27	    8.46	    7.57	  -22.64	   16.76	   -4.62	   -0.77	   -4.88	
   -2.78	    2.60	    2.79	    0.00	   -1.23	    1.00	    2.72	   -3.61	   -1.00	   -3.28	   -4.44	
    7.94	   -3.20	   -5.05	    5.66	   -3.65	   -3.25	    2.72	   13.46	   -2.08	   -2.24	   -4.80	
   -1.79	   -2.26	   -1.83	    3.80	   -3.70	   -0.65	    2.18	   -4.98	    2.25	   -2.55	   -4.31	
    0.58	    5.10	   -9.45	    3.50	    1.47	   -3.37	   -2.33	    0.03	    1.79	   -3.25	   -2.42	
   -2.75	   -1.66	   -6.64	    0.55	   -2.31	   -1.63	   -0.89	    1.74	   -3.22	    2.26	   -1.61	
    2.62	   -1.82	    0.37	    0.74	   -0.74	   -4.07	   -2.32	   -5.53	    2.51	    1.22	    0.00	
   -2.17	   -1.48	   -4.14	   -5.49	   13.28	    0.00	   -7.69	    3.97	   -6.87	   -2.05	   12.13	
    5.30	   -0.72	    1.09	    1.43	   -1.77	   -1.08	   -7.27	    8.24	   -2.17	   -1.48	   -4.14	
    0.89	    4.39	   -4.49	    3.13	    1.33	   -1.03	   -0.47	    2.47	    0.84	   -3.13	   -1.14	
   -3.10	   -1.47	   -8.44	    4.03	   -2.68	    0.85	    1.13	    2.79	   -2.53	    1.48	   -6.03	
   -0.58	    3.78	    1.03	    5.63	    0.44	    0.26	    2.52	   -5.84	   -0.90	   -2.45	   -3.26	
   -4.61	    5.53	   -5.65	    5.38	   -4.77	    2.33	   -2.62	   10.67	    0.47	   -9.36	   -9.47	
    0.84	    0.53	    3.28	   -0.13	   -4.69	    0.51	    2.68	    1.80	   -0.48	   -4.03	   -0.50	
   -0.97	    0.17	   -0.67	    1.52	    0.00	   -0.50	    2.35	    2.39	    1.15	    2.72	   -0.31	
   -3.11	    1.58	   -4.38	    3.53	   -1.29	   -2.72	    5.13	   -2.27	   -0.17	   -3.69	   -1.71	
    3.49	   -0.17	   -3.44	    1.66	    1.23	   -3.11	   -1.01	   -0.84	    1.94	   -3.57	   -0.86	
    0.43	    0.28	    2.41	    3.18	   -0.80	   -0.68	    0.41	    0.14	    0.27	   -2.97	   -1.67	
   -1.36	    2.60	   -1.64	   -3.33	    0.94	   -0.93	    2.82	    5.49	    0.58	   -0.29	    1.30	
   -1.73	    0.00	    6.76	   -1.43	   -0.64	    0.99	   -2.13	   -1.18	   -3.37	   -0.71	   -2.64	
    1.89	   -5.14	    2.14	    1.30	   -1.86	   -2.24	   -0.54	    3.48	   -1.54	   -1.54	   -0.22	
   -1.99	   -3.72	    3.90	    1.49	   -1.49	    0.49	   -1.08	   -1.30	   -4.35	   -1.74	    2.76	
    2.55	   -6.87	    4.03	   -2.56	   -2.48	    5.83	    2.84	    3.69	   -4.31	   -2.93	   -0.36	
   -0.86	   -0.53	   -3.40	    0.63	   -1.94	   -1.07	    6.32	   -1.28	    2.29	    2.12	   -1.31	
   -3.42	    3.42	   -2.35	   -3.43	   -0.08	    3.60	   -3.04	    2.69	   -3.05	    0.41	   -4.07	
    0.89	    1.54	   -1.99	   -0.59	    0.04	   -0.78	   -2.95	   -3.12	   -2.70	   -0.20	    1.51	
    2.49	   -4.61	    5.79	   -1.20	    0.59	   -0.55	   -0.70	   -0.26	   -0.37	   -2.51	    2.42	
    1.25	   -6.11	    4.55	   -0.42	   -4.91	    6.46	    2.62	   -0.81	   -3.31	   -2.08	    2.24	
    0.28	   -0.21	    2.38	   -1.64	    3.48	    0.74	    0.13	    2.47	    9.11	    4.77	   -2.22	
   -2.24	   -1.36	    0.29	   -1.96	   -1.18	   -1.57	    1.37	    6.14	   -0.49	    2.06	    0.69	
    4.73	   -5.65	    1.20	    7.10	    0.33	    1.54	    1.41	   -3.74	    0.67	    1.55	    0.00	
   -2.51	    1.03	    0.00	   -3.57	    0.00	   -1.59	   -3.76	   -2.79	    1.15	    1.70	   -5.03	
   -2.66	    1.09	   -1.08	    3.28	   -2.12	    0.00	    0.00	   -2.16	    0.55	    2.20	   -3.23	
   -0.58	   -7.85	    0.89	   -0.88	   -0.51	    1.28	   10.34	   -6.63	   -2.57	   -6.66	   -0.40	
    5.29	   -5.54	    4.91	    2.86	   -3.41	   -2.09	   -4.55	    1.40	   -2.49	   -0.57	   -1.28	
   -2.80	   -3.23	    8.89	   -1.72	    1.75	    6.36	   -2.71	    0.27	   -1.12	   -1.99	    0.42	
   -0.27	   -2.41	    2.84	   -0.45	   -1.23	   -1.93	    1.78	    0.32	    0.09	   -1.61	    1.03	
   -0.60	   -3.44	    1.47	   -0.21	   -0.62	    4.37	   -0.20	   -0.40	    2.21	   -1.77	    0.20	
    1.80	   -2.76	   -0.20	    0.00	    0.20	   -1.62	    0.62	    0.20	   -1.43	   -2.90	   -2.99	
   -0.78	    1.15	   -2.10	    0.88	    2.31	    1.53	    1.60	    0.57	    0.13	   -5.73	    0.09	
   -1.14	    0.16	    9.80	   -4.18	    2.28	   -4.07	    5.75	    1.10	    3.78	    4.19	    1.22	
   -2.17	    2.73	   -3.27	    3.80	   -1.02	    0.21	    3.07	    1.19	    2.16	   -4.04	    0.40	
    1.63	   -3.81	    1.88	    3.48	   -1.98	   -2.42	   -1.03	   -0.21	   -0.84	    0.21	   -1.05	
    0.47	   -8.53	    5.65	   -3.26	   -3.18	    4.07	    3.12	   -3.90	    0.60	   -4.79	    2.78	
    2.40	   -3.08	    1.71	   -0.07	    3.37	   -1.70	   -0.46	    1.28	   -4.75	   -3.77	    1.83	
    3.24	   -0.03	    1.02	    1.36	    0.08	    6.59	    4.64	   -0.81	    0.05	    0.85	   -0.35	
    0.32	    8.16	    0.96	    3.32	    4.52	    0.23	    5.46	    0.54	   -3.32	   -0.88	   -3.18	
   -4.71	    0.46	   -3.65	    0.68	   -1.73	   -0.96	    1.72	    2.64	    2.06	   -3.08	   -5.72	
    1.65	   -3.21	    1.90	   -1.90	   -1.10	    0.00	    1.37	   -3.38	   -1.13	   -4.58	    5.82	
    0.13	   -0.57	    0.35	   -0.32	   -1.06	    1.23	    3.88	   -4.01	   -2.19	   -1.28	   -1.70	
    3.51	   -5.18	    0.85	   -1.14	   -2.86	    4.01	   -0.36	    1.51	   -1.97	   -2.73	   -0.62	
    2.11	   -4.02	    1.24	    0.77	    0.58	   -0.64	    1.73	   -1.07	   -3.06	   -0.66	   -0.13	
    9.31	    4.62	    6.76	   -1.16	    0.00	   -1.96	    0.67	    2.25	   -3.63	    0.94	    3.33	
   -3.61	   -7.35	   -1.11	   -0.99	    4.55	  -31.16	    4.55	    1.13	   -2.43	   -1.92	   -2.15	
   -0.80	   -2.41	    5.15	   -6.86	    3.16	    1.22	    2.02	   34.19	   -4.42	   -5.08	    0.81	
   -2.56	    5.59	    4.36	    0.90	    2.37	   -0.58	   -4.36	   -0.61	   -0.31	   -0.92	   -2.79	
    3.49	    2.07	   -2.28	    5.19	    1.73	    0.73	    5.30	   -5.26	    3.38	   -1.40	   -1.42	
   -3.66	    0.00	    0.63	    0.63	   -0.62	    6.92	    5.88	   -1.67	   -1.41	    2.01	   -0.84	
   -1.07	    0.60	    1.49	    5.44	   -2.40	   -2.83	    7.21	   -2.72	    0.68	   -0.95	   -1.02	
    0.06	    6.69	    4.17	   -0.65	   -0.05	   -5.75	    4.33	    0.05	   -1.88	   -2.37	   -5.22	
    0.70	   -1.39	   -0.35	    0.88	   -1.75	   -1.07	    1.08	    2.32	    0.00	   -0.35	   -1.58	
    2.73	    0.89	    3.16	    0.00	    3.24	   -0.99	    0.00	    1.17	    0.00	    3.62	   -2.23	
    0.18	    0.00	   -2.48	    0.36	   -0.72	    0.73	   -2.36	    3.34	   -0.36	   -5.05	    3.04	
   -5.95	   -1.63	    5.15	    0.17	   -5.06	    1.29	    0.91	    1.26	   -3.91	    0.00	   -0.18	
    1.68	   -2.75	    0.94	   -3.18	    1.35	    5.90	    0.00	    0.90	   -1.43	   -1.99	    0.37	
   -2.84	    2.26	   -2.31	   -3.12	    3.16	    3.55	   -1.37	   -5.27	    1.37	    1.93	    1.42	
   -2.11	    3.19	   -0.73	    0.00	    2.38	   -0.54	    1.26	   -0.71	   -0.98	    0.27	    0.54	
   -1.90	   -2.55	   -0.21	    1.72	   -2.96	    0.18	    2.33	   -0.79	   -0.53	   -3.11	    0.00	
    9.39	   -3.58	    0.34	    6.73	    2.24	    0.39	   -1.50	    7.13	   -1.13	   -1.51	    0.86	
    0.09	   -1.04	    0.05	    8.75	   -4.24	    1.78	    1.84	   -3.61	    1.01	    1.54	    0.31	
    0.00	   -0.77	   -2.33	    2.38	    2.33	   -0.76	   -0.76	    2.31	    3.76	    5.07	   -2.76	
    8.96	   -4.79	   -1.44	    2.92	   -1.42	    0.00	   -9.35	   -2.38	    1.63	   -0.80	   11.29	
    1.63	   -6.56	    4.93	   -2.36	   -4.78	    6.08	    3.88	   -1.21	   -1.45	   -1.18	    0.23	
    1.66	   -4.10	    2.31	   -0.73	    0.06	    1.02	   -0.62	    4.50	   -0.51	   -3.67	    0.96	
    0.30	   -0.72	   -2.56	    3.06	   -2.76	   -1.31	    6.86	    4.35	   -0.99	   -0.80	   -2.02	
    1.72	    6.99	   -4.36	    2.28	    3.24	   -1.37	   -1.99	   -5.68	   -1.94	   -1.97	   -2.91	
    2.63	    4.49	   -6.13	    8.28	    1.81	    0.59	   -0.59	   13.83	    0.00	   -2.95	   -1.25	
   -5.41	   -3.05	   -4.72	    7.22	   -1.92	   -4.31	    1.23	  -11.94	   -0.46	    0.00	   -5.08	
    7.33	   -3.11	   -1.28	    0.65	    0.65	   -1.28	   -0.65	    7.19	   -2.44	   -3.13	    0.65	
   -5.05	    2.53	   -3.70	    0.64	    0.00	   -4.46	    4.67	    1.27	    0.00	   -2.52	   -3.23	
    8.21	   -2.64	   -3.20	    4.07	   -1.07	   -0.77	    3.08	   -3.14	   -1.56	   -3.64	   -1.87	
   -2.02	   -3.82	    1.56	    0.93	    0.19	   -1.39	    5.88	    0.58	   -0.24	   -1.51	   -2.64	
    3.68	   -3.05	   -0.57	    1.49	    1.25	   -1.73	    3.76	   -5.81	    3.09	   -0.73	   -0.11	
   11.48	    0.73	    3.13	    0.22	   -2.43	   -2.83	    4.45	   -0.27	   -1.42	   -2.78	    2.86	
   -1.89	   -6.41	   -4.11	   -1.43	   -3.62	   -2.26	    6.15	    3.62	    2.80	    2.72	    0.00	
    1.48	   -0.73	   -6.62	    1.57	    6.20	   -0.73	    3.68	   46.10	   -6.31	   16.06	   -1.79	
    1.53	   10.53	    6.80	    3.82	   -0.61	   14.20	    6.49	   -5.58	   -2.15	   -3.30	  -12.50	
    8.51	   -4.55	   -0.30	    5.34	   -2.75	   -0.09	    1.67	   -6.92	   -0.26	   -2.00	   -3.36	
   -0.01	   -6.29	    2.83	    0.85	   -0.48	   -1.17	    4.76	   -5.75	    0.47	   -0.48	   -1.29	
   -6.36	   -0.61	   -4.94	    0.41	   -0.12	   -0.87	    1.12	    5.46	   -0.44	   -0.17	   -5.60	
    1.12	    9.05	   -3.37	    1.88	    1.79	   -0.69	    1.18	    0.27	   -1.33	   -2.96	   -3.05	
    0.00	    0.52	    4.17	   -1.00	   -1.01	    0.51	    1.52	   -2.50	    0.31	    0.20	   -2.55	
    0.22	    3.23	   -4.17	    0.00	    1.30	    5.69	   -0.51	    3.06	    0.99	    1.96	   -3.37	
   -6.89	    1.50	   -2.46	   -7.07	    2.72	    4.76	   -1.01	   -2.04	    0.52	    3.11	    2.01	
   -3.71	   -1.08	   -5.86	    2.14	    0.73	   -0.17	   -0.75	    5.61	   -5.23	   -1.93	   -5.74	
    0.86	    4.43	   -5.85	    1.56	    2.19	   -1.04	   -6.75	   -3.60	    1.72	    2.52	   -0.44	
    4.26	   10.20	    1.42	    4.30	   -2.47	   -5.81	   -1.12	    3.17	   -4.07	   -0.57	   -3.34	
   -2.48	   -0.12	    0.85	   -0.96	    0.97	   -0.84	    2.55	   -1.18	   -2.16	    0.61	   -0.49	
   -0.42	    0.59	   -2.27	    2.15	    0.84	    3.33	    0.40	    0.00	    2.01	   -1.18	    0.00	
    1.96	    0.00	   -1.42	    0.59	    1.10	   -1.25	    0.25	   -0.08	   -1.94	    0.52	    1.11	
   -6.08	    6.05	    1.61	   -5.14	   -0.83	   -1.26	    2.13	   -1.92	    1.95	   -0.42	   -1.26	
    3.85	   -4.94	    4.81	   -5.70	   -1.05	   -0.53	   -3.74	   -4.16	   -6.37	    2.47	    0.30	
    1.38	   -7.94	    4.80	   -3.64	   -5.73	    6.21	    0.00	   -0.85	   -4.67	   -1.29	    1.83	
    0.11	   -0.11	    0.80	   -0.51	    0.68	    0.06	   -0.17	    1.97	    0.55	    1.10	    2.17	
   -0.26	    0.00	    0.00	    0.74	    0.05	    0.73	    0.31	   -3.37	    1.88	   -0.26	    0.00	
    0.63	   -8.00	    1.86	   -1.90	    0.08	    1.44	    5.58	   -2.31	    0.44	   -4.81	    2.16	
    0.49	   -7.89	    5.43	   -3.94	   -4.54	    6.20	    3.67	   -1.06	   -2.36	   -2.97	    1.59	
    8.16	   -3.68	    1.97	    3.57	   -1.93	    1.29	    1.03	   -1.86	   -4.50	   -0.60	   -2.10	
    5.20	    3.76	   -6.01	   -1.09	    2.80	    2.14	    6.85	   -0.22	   -0.54	   -2.96	   -1.02	
   -0.12	   -1.87	    0.12	   -2.02	    0.24	   -0.48	    5.97	   -1.26	   -3.14	    0.72	   -2.63	
   -1.74	   -3.25	   -4.95	    3.66	   -0.18	    0.48	   -1.67	    8.79	   -2.56	   -0.97	   -1.50	
    0.99	    8.03	   -3.23	   -1.93	    2.87	   -3.02	    3.30	    6.09	   -0.22	   -3.01	   -2.88	
   -2.20	   -2.04	   -2.38	    2.48	   -2.25	   -0.78	   -7.38	    0.00	    1.48	   -2.17	    2.20	
   -2.05	   -0.77	   -1.02	    1.79	    0.49	    3.20	   -2.63	    0.07	   -1.37	    0.92	    0.93	
   -3.41	    1.05	   -0.45	   -1.32	    2.12	    0.14	   -0.56	    0.32	   -2.58	   -0.65	   -2.73	
    6.67	   -6.69	   -3.38	   -3.57	   -3.92	   18.24	    0.00	    5.58	   -1.37	   -2.95	   -4.84	
   -2.21	   -2.76	    2.97	   -6.02	   -0.40	    1.94	    0.26	   -1.97	   -1.34	    8.60	    2.06	
    1.10	    3.26	    1.58	   -0.52	   -1.04	    1.05	   -1.04	    0.53	   -1.57	   -1.60	    0.00	
    0.13	   -2.72	   -2.67	    2.74	   -5.33	    2.11	    6.90	    7.74	    0.00	   11.38	   -2.15	
    1.09	    5.38	   -1.02	    1.55	   -3.55	    1.58	    2.07	    0.00	   -4.57	   -3.72	   -2.76	
   -0.57	   -3.17	    1.19	   -2.65	    1.21	    0.00	   -0.60	   -2.40	    1.23	   -0.91	   -0.31	
    2.85	    2.46	    1.80	    2.65	    2.87	    0.28	    1.39	    2.75	   -3.21	   -5.25	    0.87	
   -1.16	   -2.02	    2.74	    1.50	   -1.81	   -0.34	    2.02	   -0.49	   -1.66	   -2.86	    1.73	
    1.86	   -5.10	    0.38	   -1.34	    4.26	    1.49	    8.24	    0.00	    0.68	   -5.21	    1.06	
    6.09	   -3.44	   -3.74	   -5.23	    1.24	    0.12	    1.90	   -2.70	    2.47	    6.14	    2.16	
    2.92	   -2.68	    1.27	   -0.76	    1.09	   -4.55	    1.19	   -3.14	   -2.14	   -0.12	   -4.50	
   -0.67	   -0.95	    2.83	   -1.65	    0.34	   -0.73	   -0.96	    1.65	   -5.19	    2.36	   -0.98	
   -3.14	   -2.14	   -0.12	   -4.50	   -0.25	    1.12	    5.72	   -3.49	    1.99	    3.60	   -1.54	
   -0.04	    7.12	   -7.36	    1.67	    3.47	    1.25	   -2.99	   -0.15	    0.34	   -0.41	   -0.90	
   -3.67	    1.89	   -0.46	   -1.15	   -2.39	   -3.78	    6.48	   -2.10	    3.14	   -3.37	   -5.79	
    0.00	    0.00	    0.00	    0.00	    5.68	    0.35	   -2.42	    0.00	    6.02	    0.00	   -4.84	
    4.42	   -2.20	    9.88	   -2.21	   -0.81	    6.67	   -5.40	    2.55	    3.71	   -3.79	   -0.79	
    2.63	    0.57	   -0.57	   -6.84	    0.31	   -1.22	   -0.31	    4.02	    0.60	    5.92	   -0.84	
   -2.82	    2.90	    1.25	   -0.31	    0.62	   10.49	    2.79	    2.17	   -0.27	   -3.73	   -3.60	
   -0.60	    2.11	   -7.10	   -0.64	    5.45	   -4.56	   -4.46	    2.33	    1.95	    4.47	    2.45	
    1.54	   -6.91	    4.75	    1.23	   -0.47	    4.69	   -4.74	   -3.43	   -4.18	    5.33	   -1.30	
    0.79	    0.37	    1.37	    0.90	    4.11	   -2.92	    0.13	    2.21	   -4.10	   -4.64	   -0.09	
    0.78	    8.06	   -4.88	   -0.90	    2.74	   -1.33	   -1.35	    4.72	   -2.62	    0.45	   -2.97	
   -2.31	    0.19	   -6.52	   -0.10	   -1.21	    0.00	    6.86	   -5.56	    2.74	   -1.68	   -2.41	
    4.93	   -1.37	    0.79	    3.15	   -1.15	   -1.45	   -1.08	    7.93	   -3.95	   -0.86	   -3.86	
    0.24	    3.37	   -2.35	    2.83	   -0.69	   -0.12	   -0.18	    0.20	   -1.63	   -3.06	   -0.18	
    1.10	    1.59	   -0.78	   -0.25	   -1.55	   -0.04	    3.03	   -1.67	    1.77	    2.23	   17.34	
   -3.25	   -1.12	    4.82	   -1.08	   -0.82	    5.79	   -2.34	   -2.93	    0.00	    1.65	   -3.24	
    1.65	   -3.24	    1.96	   -0.55	   -3.86	    7.45	    1.33	    2.89	   -3.58	   -1.33	    1.08	
    3.46	   -4.88	    2.16	    0.00	    0.26	   -0.79	    0.00	   -1.06	   -3.49	   -1.39	   -1.41	
    2.68	    3.03	    0.00	    1.47	    3.83	    2.57	    2.07	   -2.40	   -2.90	   -1.18	    1.37	
    1.12	    0.50	   -1.60	    0.84	    0.22	    0.06	    1.33	   -2.47	   -0.45	   -0.06	   -1.13	
    0.18	    0.06	    1.11	    0.87	   -1.72	    0.00	    3.51	   -1.13	   -3.09	    0.06	    2.00	
   -1.08	   -5.45	    0.00	    4.04	   -3.88	    3.85	    0.74	    0.00	    0.18	   -1.83	    2.43	
   -3.49	    1.71	    2.80	   -2.18	    0.19	    0.19	    2.59	   -1.16	   -4.82	   -0.23	   -2.69	
   -0.84	   -3.65	   -7.13	    1.51	    3.33	    0.69	   -0.13	    8.26	   -1.93	   -0.55	   -2.43	
    0.59	    7.17	   -5.07	    2.97	    3.91	   -1.23	   -0.17	   -5.41	    0.26	   -2.21	   -1.48	
    4.63	   -2.74	    3.25	    0.00	   -0.63	   -1.05	   -2.13	   -2.40	   -3.13	   -3.00	    3.33	
    2.03	   -4.87	    6.98	    0.43	   -3.46	    4.93	    0.85	    1.27	   -3.97	   -2.61	   -2.24	
   -2.80	    1.39	   -2.86	    2.87	   -4.32	   -2.32	    7.27	    0.40	   -4.59	   -2.08	   -1.67	
    2.86	    4.07	   -3.70	    4.78	   -1.19	   -2.40	   -0.60	   -0.11	   -1.32	   -4.01	   -3.00	
    1.45	   -2.38	   -2.44	   -1.00	    3.03	   -1.47	    5.47	   -0.47	   -0.47	   -3.81	    0.99	
   11.05	   -1.57	   -0.53	   -1.07	   -1.08	    7.65	   -7.11	    6.01	   -0.52	    0.52	    6.70	
    2.86	   -6.48	    0.50	    4.43	   -4.72	   -0.50	   -1.00	   -0.50	   -4.04	    1.05	    4.17	
   -0.09	    1.54	   -1.14	   -2.41	    2.62	    2.46	    6.98	    0.08	   -1.83	    3.54	    1.26	
   -2.27	    1.14	   -1.15	    0.47	    1.12	   -0.21	    0.14	    0.50	    0.05	    0.21	    0.07	
   -0.55	    3.10	   -0.18	   -0.19	    1.67	   -1.83	   -2.16	    3.15	    0.60	    1.86	   -2.05	
   -0.58	   -1.38	   -6.77	    1.28	   -0.13	    0.03	   -3.35	    9.82	   -2.02	    1.21	    1.24	
    1.23	    9.23	   -2.24	   -2.72	    6.42	   -1.26	   -1.06	    1.88	   -2.84	   -0.01	   -2.64	
   -4.42	   -2.88	    4.04	   -1.81	   -6.50	   -3.76	  -12.60	   -2.23	    3.43	    0.00	    1.88	
    0.67	   -4.98	    5.70	   -0.33	   -9.17	    4.01	   -2.34	    1.68	    6.24	    7.43	   -2.37	
    1.64	    0.50	    1.90	    3.44	   -0.19	    0.38	   -3.89	   -2.37	   -5.97	   -4.19	    3.14	
    6.90	   -9.68	   -7.14	    3.85	    0.00	  -11.11	   -8.33	   22.73	   -3.70	   11.54	    4.83	
    1.32	   -3.15	    3.93	   -0.43	   -2.28	    4.55	    4.56	   -4.16	   -4.34	   -0.89	   -1.34	
    1.98	   -4.64	    3.05	    0.44	    1.31	   -2.27	    1.21	   -2.07	   -1.78	   -2.04	    2.43	
   -1.32	   -0.27	   -0.20	    0.54	   -2.87	    0.21	    2.60	    0.93	   -0.40	    0.60	    0.00	
   -1.52	    0.00	    0.54	   -2.73	    0.07	    3.63	    0.79	    0.00	   -0.33	   -0.46	    0.46	
    3.17	   -7.08	    2.27	   -2.98	    3.93	    0.40	    2.23	   -4.49	   -5.70	   -2.57	   -8.12	
    5.24	   -5.62	    2.06	    1.57	   -1.30	   -7.23	   -3.04	    1.92	    2.30	   -0.07	   -2.36	
   -2.57	   -8.12	   10.10	   -0.51	   -0.80	    1.52	    6.12	    1.45	    0.88	   -2.76	   15.59	
   -2.79	   -0.89	   -0.20	   -0.80	    1.72	   -0.30	   -3.69	    2.17	    0.30	   -0.71	    1.32	
   -5.61	   -2.10	  -15.77	   -7.70	  -21.01	    2.00	   -2.04	  -14.48	    1.75	   -4.02	    4.28	
    0.35	   -0.17	   -3.26	    1.44	    2.37	    7.70	    1.40	    0.80	    8.36	    1.41	   -4.26	
    0.44	   -4.82	    0.92	   -1.37	   -0.46	    2.33	   -1.82	   -3.70	   -9.13	   -0.53	   91.49	
  -18.55	   65.35	  -10.18	  -10.33	  -15.61	    0.44	   28.07	   -7.53	  -13.70	    0.43	   -0.85	
   11.95	   -9.88	    2.63	    2.99	   -1.24	   -8.40	    2.75	   -7.59	    5.31	    2.75	    1.34	
   -0.66	   -4.09	   -5.58	    2.43	   -2.01	   -1.83	    4.43	   -3.43	    1.68	   -1.60	   -0.81	
    7.13	   -0.39	   -0.98	    5.15	    1.05	   -2.48	    1.29	    1.63	    0.95	   -1.48	   -2.53	
--------------------------------------------------------------------------------------------------------------
    0.57	   -0.39	   -0.08	    0.42	   -0.05	    0.03	    1.06	    0.21	   -0.73	   -1.00	   -0.43	
